24,15,5
4,11,23
1,16,7
29,9,19,8,15
29,2,6
1,9,19,4
29,24,3
4
1,19,8
29,3,9,17,11,2
1,15,3
9
23,2,4
11,4
17,12,5
9,29,1
8,13,5
19,17,28
19,3,3
8
18,3,3
19
1,3,3
16
29,28,4
1,9
18,3,3
19
16,8,5
29,1,9
17,19,4
3,29
8,4,7
29,16,19,23,11
1,3,4
29,9
15,29,3
8
11,17,3
9
10,8,5
2,4,1
9,2,3
4
29,9,4
1,18
11,9,6
23,15,16,29
15,2,3
4
29,18,8
9,17,3,28,15,22
1,15,4
9,29
15,19,3
8
18,8,4
15,12
1,3,4
29,17
8,11,4
9,16
8,29,3
1
10,3,7
11,23,19,9,17
3,28,3
8
9,15,3
19
3,15,3
1
13,16,6
8,23,11,10
15,8,7
29,1,16,9,11
10,23,3
11
23,3,4
11,9
4,15,3
2
1,3,3
9
15,9,4
8,16
8,3,5
11,17,1
11,8,6
29,1,9,17
8,29,4
9,1
19,16,5
9,17,8
29,15,10
9,19,23,11,10,7,2,16
15,9,3
16
23,10,3
11
29,9,4
1,18
10,17,7
11,4,9,29,1
19,15,7
23,11,10,29,16
12,9,4
29,17
16,1,6
4,2,17,9
23,8,5
11,10,19
3,17,4
12,29
15,9,3
8
8,3,5
11,1,29
3,11,4
9,1
19,16,3
8
9,10,4
23,11
29,18,3
1
28,9,3
19
3,9,3
29
24,2,3
7
9,1,3
8
9,22,3
15
3,18,3
13
12,3,3
9
19,16,3
8
8,9,5
15,16,29
1,9,3
29
1,23,5
29,2,4
1,19,5
15,8,29
8,1,3
19
17,4,4
9,29
22,12,4
9,29
15,9,5
19,10,8
8,21,5
15,9,19
19,1,4
15,12
4,18,6
11,7,24,8
4,1,4
2,9
1,9,3
29
9,3,4
29,1
4,24,3
2
8,4,3
9
1,2,4
9,4
4,24,3
28
17,19,3
3
17,9,4
29,1
9,18,3
16
29,9,3
3
17,29,3
9
9,1,3
29
29,8,3
1
12,4,5
1,29,9
7,9,3
17
10,3,3
9
23,17,3
19
7,3,4
4,23
29,8,4
4,2
9,8,6
1,29,15,18
28,15,3
8
9,18,3
15
19,18,7
23,13,3,15,14
9,1,4
29,18
29,19,5
9,23,3
13,8,3
28
9,2,4
23,4
24,8,3
1
16,15,4
3,4
19,1,8
10,9,29,8,3,17
3,8,3
9
8,12,3
15
28,23,13
9,1,16,8,15,29,19,10,2,4,11
17,3,5
29,1,18
1,8,3
15
1,18,5
8,10,29
9,1,3
3
15,29,3
19
19,3,3
23
12,8,6
18,16,29,3
29,19,6
1,3,15,16
9,11,9
17,3,12,1,18,28,10
9,12,4
29,15
11,18,5
10,15,4
9,19,6
16,8,15,29
2,10,5
4,11,23
19,9,3
8
9,1,3
3
16,18,3
15
29,28,3
9
19,9,6
8,16,29,1
3,12,4
29,9
17,4,3
9
2,23,3
11
8,16,5
9,17,15
15,29,4
19,9
18,3,3
1
29,9,3
1
24,3,6
8,15,23,4
15,17,4
28,3
29,3,3
1
16,17,5
29,1,3
18,3,6
29,9,4,10
23,4,6
1,18,2,10
24,1,7
19,8,15,29,9
23,16,5
11,10,8
9,12,4
29,1
3,29,5
17,2,1
15,9,3
16
28,15,4
13,17
8,19,10
18,1,3,29,23,4,24,2
1,15,3
9
3,8,3
13
22,15,3
29
23,11,3
10
13,29,5
3,17,9
29,3,3
1
4,10,3
19
1,24,3
3
9,18,5
4,2,8
3,15,4
9,17
15,23,3
9
17,29,4
18,9
12,3,12
1,29,9,17,23,11,10,8,15,18
1,2,3
4
19,15,6
8,9,29,16
12,15,3
18
1,9,3
3
8,17,4
15,18
4,10,4
11,24
9,8,5
29,4,3
15,17,12
19,22,8,27,1,29,3,2,10,9
9,15,3
16
28,23,4
3,11
19,2,8
9,17,1,29,8,4
15,4,5
16,29,19
1,9,3
29
29,16,3
8
1,9,4
3,15
10,9,5
1,8,11
3,15,3
17
23,2,7
17,9,29,1,4
3,19,3
28
15,28,4
16,9
28,9,3
29
28,22,3
9
8,19,6
16,23,29,9
15,19,3
4
19,15,8
9,17,29,4,2,8
19,29,3
9
9,29,3
1
9,2,3
4
15,8,3
16
23,22,6
10,11,15,8
4,18,4
24,9
19,1,3
29
1,19,3
18
8,11,4
19,23
19,1,4
9,8
23,4,6
3,29,1,9
29,3,4
9,17
1,11,6
29,3,9,23
19,22,5
8,15,18
1,16,4
3,15
4,18,4
9,29
29,8,9
1,3,9,2,4,11,10
12,18,7
1,29,9,8,15
9,18,3
15
15,12,3
9
18,29,3
16
16,29,3
18
9,14,4
15,18
29,28,3
3
19,15,5
8,9,18
1,7,3
24
8,28,4
19,18
13,1,3
8
23,8,3
9
10,15,3
11
13,29,3
9
1,29,4
16,8
29,3,3
1
17,4,7
28,29,1,16,3
17,1,3
9
29,8,3
15
15,1,6
22,16,29,9
29,18,3
15
15,9,4
12,19
18,24,3
9
19,23,7
9,29,1,4,2
28,14,4
3,17
13,3,3
28
2,8,5
29,1,15
15,11,7
9,17,4,2,10
29,19,3
15
8,24,3
4
10,19,3
11
1,19,3
9
9,3,3
29
10,17,3
28
19,13,7
11,9,29,3,28
7,15,4
23,11
17,16,4
9,29
9,15,4
29,3
3,9,3
17
3,29,3
8
29,19,3
8
8,4,7
9,29,1,23,2
19,17,7
4,2,24,7,3
1,29,12
2,3,6,10,11,17,18,19,20,23
8,16,4
19,15
10,7,4
11,18
15,18,6
9,3,28,29
18,10,6
29,4,8,3
15,9,3
28
29,2,4
9,4
9,16,5
8,17,29
15,28,3
19
15,9,3
16
1,3,5
9,29,15
1,3,3
29
16,10,4
1,23
3,28,3
17
12,3,4
1,29
24,4,3
2
9,16,4
3,17
9,15,3
16
18,9,6
29,8,12,1
15,19,4
29,1
9,1,4
29,3
15,12,8
16,8,9,17,29,1
8,18,3
15
1,17,5
23,10,11
29,16,4
8,15
18,3,4
17,15
18,29,3
16
8,29,5
16,19,15
15,17,3
16
28,15,4
9,16
11,2,3
10
19,1,4
9,29
29,16,3
8
3,19,6
28,10,23,8
2,19,8
24,9,29,16,15,8
29,28,3
15
10,28,3
11
18,15,3
8
8,29,3
1
28,9,4
17,29
3,24,4
9,2
15,9,3
29
24,23,4
4,11
9,29,4
28,3
18,9,8
2,7,8,19,16,15
19,29,5
8,15,18
4,1,3
18
9,15,3
23
1,15,4
29,2
11,10,4
3,9
8,29,4
19,9
17,29,3
9
9,20,3
24
1,23,4
9,19
3,11,3
9
29,10,3
19
9,3,3
28
14,29,8
12,22,19,23,10,9
29,13,3
12
18,15,3
1
9,23,4
29,8
9,15,6
29,19,1,8
9,19,4
28,29
16,19,6
15,12,4,10
1,29,3
2
9,3,3
1
29,17,4
3,9
9,19,3
3
29,8,3
9
3,10,4
9,29
29,3,3
9
1,9,3
29
12,19,3
3
23,10,3
11
19,8,3
22
19,10,7
1,29,9,8,15
15,1,5
19,9,29
28,10,3
23
9,10,5
16,19,11
1,4,5
29,9,19
9,29,6
18,15,16,8
17,8,3
9
16,20,5
27,1,18
2,1,3
7
4,16,9
2,9,29,1,12,18,15
15,17,3
9
23,11,8
19,9,17,29,3,10
9,19,4
12,18
17,15,3
9
29,4,3
9
8,28,7
16,29,9,17,3
22,15,4
18,8
19,8,3
1
9,19,3
29
1,9,3
17
2,17,3
9
10,9,4
11,29
17,23,3
11
4,8,7
24,2,19,18,15
19,28,7
4,24,13,1,29
29,15,3
18
1,7,6
29,9,4,2
3,15,4
29,16
1,12,3
9
9,19,4
1,17
4,19,4
2,9
8,19,10
9,29,16,1,17,4,2,3
9,29,3
1
8,9,5
22,1,29
1,18,3
29
28,16,3
18
18,9,6
15,23,19,8
15,29,3
9
8,18,3
19
9,24,12
1,29,18,15,8,19,23,11,10,4
15,23,4
19,10
1,9,4
29,8
19,28,3
9
11,23,3
10
9,16,3
15
4,3,3
9
12,13,3
3
20,22,3
4
29,15,6
1,9,19,8
17,8,6
2,3,29,9
19,12,3
3
6,29,3
18
29,9,5
1,3,17
3,16,4
29,15
29,15,5
1,14,16
29,24,3
1
15,19,3
8
23,29,3
2
18,13,8
15,16,29,9,3,28
3,16,3
29
11,3,3
10
9,15,3
29
8,16,4
9,29
29,19,6
1,9,8,4
16,4,9
29,1,17,19,11,23,10
13,2,6
8,9,29,4
29,9,3
17
9,16,3
29
19,15,12
9,29,8,16,1,11,2,4,23,10
9,1,3
12
24,4,3
3
9,8,3
29
4,9,3
29
4,22,4
24,9
9,7,3
1
8,4,6
15,18,29,9
29,1,3
3
18,7,3
15
9,15,3
29
24,8,3
19
24,12,4
7,17
10,18,9
11,4,2,29,1,16,8
19,24,4
23,4
8,19,5
17,29,4
23,2,5
11,19,4
28,14,4
22,12
9,2,3
4
8,29,3
16
3,15,4
1,4
8,1,3
15
9,3,3
17
19,9,6
8,16,15,1
9,15,4
1,19
29,8,4
4,24
15,17,5
29,9,19
1,19,3
29
8,9,5
15,29,1
12,17,7
9,28,13,3,19
2,15,4
4,9
29,1,3
14
29,3,4
28,4
8,15,3
16
11,4,4
12,24
15,4,6
18,22,29,9
10,1,6
11,4,29,17
8,17,3
15
18,23,4
29,9
19,16,3
29
8,9,4
15,4
9,19,6
8,29,16,15
11,15,6
27,17,4,8
18,19,8
15,8,1,29,4,2
4,9,3
24
29,12,5
8,15,18
29,18,6
16,8,28,1
29,8,3
1
18,8,3
15
3,10,5
1,9,19
9,29,3
17
2,17,3
4
9,8,4
1,18
29,19,3
1
28,19,4
15,8
29,8,5
1,15,19
23,9,4
29,2
3,9,4
15,16
1,23,4
2,11
10,23,5
16,29,2
29,19,3
9
8,12,3
11
17,15,4
9,16
29,9,3
17
9,20,3
17
2,10,3
16
9,28,3
29
19,9,5
15,29,1
9,29,3
3
9,19,3
17
29,8,5
1,18,16
18,11,3
15
9,1,3
29
8,9,4
16,29
1,19,4
15,8
8,18,3
15
9,15,4
29,1
18,3,3
19
3,1,7
28,19,8,16,29
8,28,7
16,29,9,17,3
8,15,3
23
19,22,3
15
9,8,3
29
18,29,3
17
3,1,4
8,15
9,1,3
29
18,22,3
27
9,18,5
29,19,8
1,18,7
29,9,19,3,15
16,19,5
8,13,29
8,19,10
1,12,29,3,28,17,4,2
3,11,6
4,7,23,10
19,8,7
16,18,23,11,9
3,23,3
9
10,13,3
23
19,15,3
8
9,20,4
13,12
13,28,4
15,8
8,11,4
1,9
3,11,4
28,19
8,22,3
15
9,14,3
1
23,1,3
19
17,14,6
9,29,1,12
15,3,5
18,29,9
3,9,3
1
29,1,3
9
29,16,4
8,15
4,8,8
2,24,23,19,10,11
18,16,8
3,4,24,19,8,29
9,3,5
29,15,16
1,2,4
29,9
9,18,3
19
11,16,5
8,1,2
19,16,3
8
15,16,4
3,13
23,12,3
10
4,15,6
2,9,29,8
11,17,4
9,29
2,4,3
24
2,23,3
4
19,29,4
8,9
15,29,3
9
1,18,9
29,9,4,23,19,2,17
15,17,4
9,27
1,4,3
9
18,16,3
15
10,11,3
23
18,19,4
15,12
18,29,3
15
1,9,3
29
4,19,3
2
9,18,4
29,15
11,16,4
10,19
9,19,7
17,29,3,15,8
1,8,4
29,9
23,19,4
10,11
8,1,4
3,13
19,8,3
29
23,2,5
10,11,4
9,8,6
29,16,15,18
10,23,3
11
3,9,4
17,28
1,29,3
15
9,10,5
17,29,8
18,8,3
15
9,17,3
3
1,11,7
29,9,2,4,10
23,3,6
19,11,24,10
4,17,4
9,1
19,15,7
11,10,8,22,18
28,17,4
29,9
17,11,5
29,1,9
3,9,5
10,11,1
8,4,3
19
1,19,6
2,4,29,9
19,15,3
8
10,9,3
19
13,19,3
8
18,8,5
16,29,9
15,8,3
19
7,20,3
21
3,29,5
4,7,9
29,4,3
9
9,8,3
28
13,8,5
3,29,9
4,8,3
24
1,18,4
11,15
17,28,4
3,13
1,24,13
29,9,19,23,10,11,8,16,15,18,4
1,3,3
8
19,17,4
13,28
1,15,4
29,9
3,9,5
29,17,28
9,3,6
18,29,17,19
