5,11,4
8,5
5,11,3
5
11,11,6
5,8,8,5
28,35,3
21
5,11,5
8,8,5
11,5,3
5
5,253,3
5
260,263,4
261,261
5,5,3
5
77,21,3
428
21,77,3
5
77,21,4
21,5
77,5,3
284
5,21,3
5
11,260,6
5,71,297,297
253,11,4
5,8
11,5,5
5,71,253
11,8,3
5
11,8,6
5,8,71,5
5,8,3
71
5,5,4
5,8
1,8,3
5
21,11,4
5,8
11,480,3
5
261,11,7
261,71,5,5,11
5,8,3
5
11,35,3
5
5,5,3
765
5,449,5
21,765,263
11,5,3
5
35,640,3
35
603,603,4
35,35
603,640,3
640
603,35,3
640
603,59,4
35,253
603,603,4
35,35
640,603,4
875,875
603,640,3
640
35,603,3
35
35,640,3
640
21,5,3
480
603,35,3
35
260,253,4
253,59
5,1,3
5
1,8,3
5
21,603,3
35
765,71,3
603
5,603,3
8
5,603,3
8
640,35,4
284,284
5,603,3
8
5,603,3
8
5,603,3
8
5,603,3
8
5,603,3
8
5,603,3
8
35,351,3
284
5,5,3
8
5,21,3
5
5,5,3
8
5,8,6
5,297,297,5
35,5,3
5
5,351,3
5
1,640,3
284
284,11,4
11,1
284,253,3
284
284,253,3
253
284,35,6
28,1,28,35
284,284,3
253
284,253,3
284
21,336,3
21
284,35,3
284
253,253,3
651
253,284,3
284
253,253,3
651
284,284,4
253,5
284,284,4
428,428
253,253,3
651
765,11,3
5
35,351,3
284
35,351,4
640,284
351,351,5
284,640,640
260,351,3
21
351,35,3
35
351,35,3
35
253,21,3
428
351,35,3
284
351,640,3
284
71,11,3
21
428,11,3
21
449,449,3
5
449,5,3
875
35,35,3
480
35,59,3
253
603,253,3
35
260,449,3
263
651,253,4
651,336
253,35,3
35
263,351,3
263
284,351,3
284
21,11,3
5
260,5,3
21
260,5,3
21
765,5,3
260
5,5,3
284
1005,5,3
260
1005,8,3
5
253,5,3
5
284,5,3
8
5,1,3
8
297,263,3
263
35,263,3
297
77,104,3
104
5,35,4
8,5
21,212,4
212,212
35,104,3
35
8,35,4
5,35
59,104,4
253,104
104,59,3
253
59,104,3
104
480,351,3
35
35,35,3
603
253,260,3
253
35,21,4
480,480
651,260,3
71
21,5,3
35
449,71,3
260
449,5,3
71
71,449,3
263
11,35,3
5
640,212,3
603
35,21,4
603,603
428,428,4
603,35
21,8,3
5
253,428,3
253
21,21,5
5,8,5
5,428,6
21,603,603,35
8,21,3
5
1,8,3
5
253,35,4
35,603
71,449,3
449
449,449,4
71,21
21,449,3
77
284,449,3
284
21,449,3
21
449,449,4
428,253
284,449,5
35,253,253
284,449,3
35
284,449,3
5
449,640,4
260,35
449,284,3
77
284,260,4
35,253
21,449,3
260
449,284,3
260
284,449,3
5
284,449,4
480,21
449,284,3
260
253,284,3
284
297,5,4
21,5
35,11,5
480,5,5
297,8,3
5
297,28,5
5,5,297
28,35,3
21
5,297,3
5
351,28,4
253,284
336,21,3
21
35,5,4
428,21
284,59,3
35
5,336,3
35
5,21,3
5
21,21,4
71,71
21,21,3
5
5,253,3
5
21,5,3
35
5,35,3
5
35,5,3
35
35,284,3
35
253,5,3
253
253,35,3
5
35,284,3
5
21,640,3
284
284,284,4
351,351
297,449,3
449
297,428,3
428
21,875,3
603
253,35,3
35
253,253,4
35,35
253,253,4
35,35
77,77,4
2151,2151
875,253,3
253
253,35,4
640,253
253,253,4
35,35
77,253,3
35
253,253,3
35
35,59,3
253
640,35,3
35
603,11,3
21
480,5,3
5
875,5,4
480,8
5,5,3
8
