297,35,3
260
5,5,3
765
35,5,3
5
253,284,3
284
8,21,3
5
5,351,3
11
11,480,3
5
35,35,4
480,35
5,2151,3
35
77,5,3
21
253,253,4
35,35
77,77,4
2151,2151
351,351,5
284,640,640
71,260,4
5,5
603,640,3
640
449,284,3
260
351,35,5
284,5,8
35,5,3
480
21,449,3
77
35,21,3
5
603,603,4
35,35
253,5,3
5
5,2151,3
35
260,5,3
21
449,5,3
5
253,35,3
35
59,5,3
480
297,28,5
5,5,297
71,449,3
263
35,5,3
480
71,11,3
21
5,603,3
8
5,428,6
21,603,603,35
35,11,3
5
5,2151,3
35
35,35,3
35
297,35,3
260
765,5,3
260
284,449,5
35,253,253
77,104,3
104
8,5,3
35
480,11,3
5
260,336,3
253
8,35,3
5
297,35,5
5,8,5
297,35,3
35
260,5,3
21
260,351,3
21
5,603,3
8
351,35,3
35
284,253,4
284,253
5,603,3
8
21,77,3
5
11,480,3
5
253,253,3
651
284,284,4
297,71
253,35,3
35
449,71,3
260
297,5,4
71,21
11,480,3
5
297,35,3
260
480,11,3
5
5,2151,3
35
212,5,4
253,253
11,5,3
480
35,11,5
480,5,5
5,5,3
8
5,603,3
8
35,603,3
35
77,449,3
77
640,351,4
640,284
8,1005,3
5
35,351,4
640,284
651,260,3
71
5,11,3
5
11,5,3
5
284,284,4
253,5
11,260,6
5,71,297,297
5,603,3
8
765,71,3
603
21,336,3
21
11,5,3
480
449,5,5
21,5,8
35,351,3
284
5,260,3
5
35,640,3
35
5,2151,3
35
480,11,3
5
35,5,4
428,21
35,104,3
35
5,8,3
5
284,253,3
284
253,253,4
35,35
35,284,3
5
21,449,3
21
651,351,3
253
11,21,3
5
284,284,3
253
1005,8,3
765
253,253,3
651
5,212,7
21,480,35,603,875
260,35,4
253,35
5,21,3
5
21,5,3
35
260,253,4
253,59
5,11,5
8,8,5
35,35,3
603
253,5,4
35,480
284,449,3
5
21,875,3
603
480,11,3
5
5,1,3
8
104,59,3
253
260,5,3
5
21,640,3
284
5,253,3
5
351,21,5
11,8,21
875,253,3
253
5,1,3
11
428,336,3
336
253,253,3
35
480,5,3
5
297,35,3
35
480,21,3
5
28,35,3
21
640,35,3
35
253,260,3
253
765,11,3
5
2151,480,4
35,5
284,11,4
11,1
11,8,6
5,8,71,5
284,260,4
35,253
5,11,3
11
5,1,3
5
35,11,3
5
5,297,3
5
8,336,3
5
71,449,3
449
480,11,3
5
11,11,3
5
5,71,3
8
21,284,3
5
480,11,3
5
5,336,3
35
5,2151,3
35
21,603,3
35
351,11,6
11,5,8,5
284,449,3
284
71,5,3
5
35,2151,3
212
603,35,3
603
1,8,3
5
428,35,3
428
284,5,3
8
253,5,3
253
5,5,3
8
35,260,3
35
875,35,3
875
480,480,4
35,35
11,480,3
5
21,21,4
71,71
11,5,3
5
28,35,3
21
449,640,4
260,35
5,11,3
5
5,5,3
8
260,104,3
253
603,253,3
35
284,351,3
284
11,480,3
5
253,21,3
428
428,428,4
603,35
253,253,4
35,35
428,11,3
21
5,59,3
253
603,59,4
35,253
428,35,4
71,21
253,253,3
651
11,480,3
5
35,253,3
253
5,2151,3
35
260,104,3
253
253,35,4
35,603
480,11,3
5
5,428,3
5
35,263,3
297
5,2151,3
35
77,5,3
284
35,297,3
253
351,640,3
284
875,5,4
480,8
35,297,3
260
11,480,3
5
11,480,3
5
351,28,4
253,284
35,5,3
35
5,2151,3
35
5,104,4
480,35
651,253,4
651,336
35,1005,3
428
640,5,3
35
603,35,3
35
1,640,3
284
35,35,4
21,480
603,11,3
21
260,449,3
263
5,21,3
5
284,297,4
71,71
35,284,3
5
11,8,3
5
71,71,3
71
21,35,4
5,5
77,21,4
21,5
11,11,4
5,5
35,11,4
284,11
449,449,3
5
5,297,3
11
35,640,3
640
351,35,3
284
284,284,4
351,351
480,8,3
5
449,449,4
428,253
297,5,4
21,5
5,2151,3
35
284,11,4
480,21
35,5,3
480
11,77,4
5,5
8,21,3
5
284,35,3
284
8,71,3
71
5,2151,3
35
35,35,3
35
5,2151,3
35
11,480,3
5
5,2151,3
35
21,8,3
5
5,8,6
5,297,297,5
253,336,3
35
480,11,3
5
21,11,3
5
5,8,3
71
480,284,3
284
11,11,5
5,5,21
212,351,3
35
5,77,5
8,5,21
5,5,3
5
640,351,4
5,5
35,35,3
480
284,351,3
284
603,640,3
640
21,21,5
5,8,5
21,11,4
5,8
5,351,3
5
480,11,4
21,5
35,253,3
253
5,2151,3
35
5,2151,3
35
260,8,3
5
5,603,3
8
8,11,3
5
21,5,3
35
603,603,4
35,35
253,35,3
5
284,59,3
35
297,35,3
253
480,351,3
35
336,263,3
5
1,8,3
5
35,5,3
480
284,284,4
428,428
11,35,3
284
640,260,5
260,449,449
284,297,3
297
284,21,3
284
297,35,3
35
5,297,3
297
77,21,3
428
11,2151,3
35
5,2151,3
35
1005,1005,3
71
5,253,4
480,35
5,5,3
284
284,35,3
253
28,5,3
11
480,11,3
5
449,5,3
875
297,449,3
449
35,35,4
212,212
11,480,3
5
5,253,3
5
428,35,3
35
640,603,4
875,875
449,284,3
260
11,11,6
5,8,8,5
71,28,3
11
2151,2151,4
35,35
351,21,3
11
5,603,3
8
449,449,4
71,21
297,35,3
35
297,428,3
428
5,2151,3
35
11,480,3
5
297,8,3
5
5,2151,3
35
35,297,3
253
284,351,3
284
260,5,3
5
59,104,4
253,104
284,284,3
8
5,11,3
5
5,35,4
8,5
8,11,3
5
5,35,3
5
11,8,3
11
11,480,3
5
21,875,3
603
336,21,3
21
5,1005,3
260
77,253,3
35
5,11,4
8,5
5,603,3
8
5,449,5
21,765,263
1005,1005,6
35,35,5,8
640,35,4
284,284
284,284,3
253
5,5,4
5,8
11,11,3
5
35,284,3
35
5,2151,3
35
603,35,3
640
21,21,3
5
260,263,4
261,261
5,35,3
480
21,351,3
11
1005,8,3
5
253,35,3
35
297,263,3
263
11,480,3
5
284,253,3
284
212,8,4
603,35
11,35,3
5
449,449,4
263,263
35,351,3
35
8,35,4
5,480
449,284,3
77
5,2151,3
35
11,35,3
5
35,59,3
253
284,449,3
5
59,104,3
104
1,8,3
5
5,21,3
5
5,11,3
5
765,8,4
21,5
284,449,3
35
5,5,3
8
5,297,3
21
35,21,4
603,603
5,297,4
21,71
21,449,3
260
11,480,3
5
