260,263,4
261,261
35,5,3
35
28,5,3
11
284,284,3
253
5,11,3
5
5,449,5
21,765,263
5,2151,3
35
21,449,3
77
35,35,5
5,8,5
5,35,3
5
5,2151,3
35
35,11,3
5
11,480,3
5
428,35,3
428
351,35,3
35
11,480,3
5
480,21,3
5
5,2151,3
35
284,260,4
35,253
449,5,5
21,5,8
1005,480,4
5,8
5,2151,3
35
5,297,3
5
253,284,3
284
212,351,3
35
35,640,3
35
284,297,3
297
284,284,3
253
21,212,4
212,212
253,253,3
35
260,5,3
5
11,8,3
5
284,351,3
284
35,5,3
480
5,1005,3
260
284,284,4
297,297
428,11,3
21
603,35,3
35
449,284,3
77
297,35,3
35
297,35,3
35
5,260,3
5
284,253,3
284
253,35,3
5
35,297,3
253
284,449,5
35,253,253
875,253,3
253
640,260,5
260,449,449
35,59,3
253
28,35,3
21
603,253,3
35
59,104,3
104
8,336,3
5
260,253,4
253,59
35,11,5
480,5,5
21,77,3
5
35,2151,3
212
351,21,3
11
5,212,7
21,480,35,603,875
21,640,3
284
284,253,3
253
5,11,3
11
336,263,3
5
35,1005,3
428
449,449,4
71,21
77,5,3
284
5,21,3
5
5,11,3
5
284,284,4
351,351
480,284,3
284
11,480,3
5
5,2151,3
35
11,5,3
5
284,35,3
253
212,8,4
603,35
5,2151,3
35
480,11,3
5
297,428,3
428
284,5,3
8
5,2151,3
35
35,284,3
5
284,11,4
480,21
11,77,4
5,5
603,603,4
35,35
77,5,3
21
21,5,3
35
297,35,3
260
284,351,3
284
35,21,4
603,603
77,104,3
104
284,449,3
35
71,449,3
263
297,28,5
5,5,297
640,351,4
640,284
284,297,4
71,71
35,284,3
35
21,21,4
71,71
263,351,3
263
104,59,3
253
5,2151,3
35
480,11,4
21,5
5,253,3
5
5,8,6
5,297,297,5
253,35,3
35
35,35,4
480,35
77,21,4
21,5
284,284,4
297,71
5,21,3
5
77,77,4
2151,2151
260,5,3
5
449,71,3
260
449,5,3
71
5,5,3
8
297,35,3
35
77,253,3
35
428,428,4
651,651
253,253,3
651
1005,8,3
5
449,5,3
875
35,5,3
480
5,2151,3
35
11,480,3
5
253,253,4
35,35
35,5,3
480
5,11,3
5
260,104,3
253
35,640,3
640
35,263,3
297
35,351,3
35
480,11,3
5
5,603,3
8
5,11,5
8,8,5
5,5,3
284
5,297,3
11
260,336,3
253
1005,5,3
260
253,21,3
428
5,2151,3
35
21,21,3
5
35,253,3
253
21,449,3
260
35,5,4
428,21
5,253,3
5
35,260,3
35
253,336,3
35
449,284,3
260
875,35,3
875
260,351,3
21
5,2151,3
35
284,35,3
284
71,260,4
5,5
11,11,5
5,5,21
351,640,3
284
284,11,4
11,1
11,260,6
5,71,297,297
428,35,4
71,21
35,35,4
21,480
11,8,6
5,8,71,5
5,2151,3
35
640,351,4
5,5
5,104,4
480,35
449,284,3
260
11,480,3
5
765,5,3
260
5,260,3
5
284,449,3
5
5,2151,3
35
480,351,3
35
11,480,3
5
8,5,3
35
21,449,3
21
297,35,3
260
1,8,3
5
5,35,4
8,5
253,428,3
253
71,449,3
449
35,59,3
253
260,5,3
21
260,35,4
253,35
21,8,3
5
11,5,3
5
5,2151,3
35
640,212,3
603
35,351,3
284
480,11,3
5
284,449,4
480,21
35,104,3
35
59,5,3
480
35,35,3
35
59,104,4
253,104
1005,1005,6
35,35,5,8
8,11,3
5
5,297,3
297
21,875,3
603
11,8,3
11
480,11,3
5
21,5,3
480
8,35,4
5,480
449,449,3
5
8,71,3
71
428,336,3
336
428,35,3
35
35,21,3
5
71,28,3
11
351,28,4
253,284
603,35,3
603
77,21,3
428
603,640,3
640
651,351,3
253
21,603,3
35
11,5,3
480
5,5,3
8
5,2151,3
35
11,480,3
5
640,603,4
875,875
5,603,3
8
449,449,4
428,253
253,260,3
253
1005,1005,3
71
480,11,3
5
480,11,3
5
480,5,3
5
260,8,3
5
253,35,4
35,603
8,11,3
5
5,2151,3
35
253,5,3
5
5,5,3
5
5,1,3
11
5,428,3
5
11,480,3
5
253,253,4
35,35
449,5,3
5
1,8,3
5
11,480,3
5
480,8,3
5
480,11,3
5
35,35,3
35
765,11,3
5
765,71,3
603
5,59,3
253
5,35,3
480
11,480,3
5
35,297,3
253
11,5,3
480
5,297,4
21,71
21,21,5
5,8,5
21,875,3
603
11,11,3
5
297,263,3
263
480,11,3
5
1,640,3
284
351,11,6
11,5,8,5
35,35,3
480
35,21,7
640,35,5,5,5
5,351,3
5
5,11,4
8,5
5,5,3
765
11,480,3
5
297,5,4
71,21
253,5,3
253
253,253,4
35,35
284,449,3
5
260,651,3
651
1,28,3
28
284,284,3
8
297,5,4
21,5
284,449,3
284
5,71,3
8
5,5,3
8
765,8,4
21,5
11,35,3
284
5,2151,3
35
449,640,4
260,35
35,21,4
480,480
284,21,3
284
11,5,5
5,71,253
297,35,3
35
11,480,3
5
35,253,3
253
2151,2151,4
35,35
480,11,3
5
253,35,3
35
21,5,3
35
35,5,3
5
351,351,5
284,640,640
351,35,5
284,5,8
35,284,3
5
35,351,3
284
5,8,3
71
351,35,3
284
5,2151,3
35
21,35,4
5,5
8,21,3
5
449,449,4
263,263
603,59,4
35,253
875,35,3
603
1,8,3
5
351,21,5
11,8,21
284,284,4
428,428
11,35,3
5
11,11,4
5,5
5,1,3
5
651,253,4
651,336
351,35,3
35
284,351,3
284
253,35,3
35
253,284,3
284
104,104,3
104
640,5,3
35
71,71,3
71
59,603,3
603
5,428,6
21,603,603,35
5,253,4
480,35
640,35,4
284,284
35,11,4
284,11
11,21,3
5
5,351,3
11
428,428,4
603,35
5,603,3
8
71,5,3
5
5,603,3
8
35,351,4
640,284
603,603,4
35,35
35,35,3
603
35,5,3
480
284,253,4
284,253
260,104,3
253
603,11,3
21
71,11,3
21
5,2151,3
35
5,2151,3
35
351,5,4
284,5
5,21,3
5
603,35,3
640
35,603,3
35
11,480,3
5
5,603,3
8
5,11,3
5
21,8,4
480,5
260,5,3
21
640,35,3
35
284,59,3
35
11,11,3
5
8,35,4
5,35
651,260,3
71
297,35,3
260
35,11,3
5
2151,480,4
35,5
5,603,3
8
35,297,3
260
480,11,3
5
260,449,3
263
28,35,3
21
480,480,4
35,35
11,480,3
5
284,284,4
253,5
21,284,3
5
21,11,4
5,8
253,253,3
651
253,11,4
5,8
5,336,3
35
