7,27,3
7,11,27
28,22,3
28,23,22
22,21,4
22,28,23,21
3,27,3
3,23,27
21,30,3
21,23,30
3,30,4
3,23,22,30
16,22,3
16,4,22
27,11,3
27,23,11
7,22,3
7,30,22
7,28,3
7,22,28
16,30,3
16,4,30
30,8,3
30,16,8
16,30,3
16,8,30
22,16,13
22,7,23,28,1,29,30,8,6,11,24,4,16
8,22,4
8,16,4,22
16,8,3
16,4,8
21,11,3
21,27,11
30,6,3
30,22,6
30,23,4
30,22,28,23
23,16,3
23,28,16
16,27,7
16,21,23,8,28,22,27
17,14,3
17,2,14
28,21,8
28,22,23,29,7,30,16,21
16,23,3
16,11,23
16,23,3
16,22,23
25,15,3
25,19,15
22,16,8
22,8,30,7,28,23,21,16
7,8,3
7,30,8
22,28,5
22,1,8,21,28
23,16,3
23,22,16
21,24,3
21,23,24
7,1,3
7,23,1
22,23,3
22,28,23