2,12,3
28
16,20,3
21
26,20,3
10
28,13,3
2
1,21,3
2
10,2,3
12
21,15,7
16,1,26,9,10
21,2,3
16
10,26,3
9
1,2,3
16
8,16,3
21
19,28,3
11
15,25,4
10,26
20,1,5
28,12,16
2,26,3
20
12,1,5
20,16,21
15,12,3
21
26,2,5
9,10,1
16,21,3
2
16,26,3
21
26,9,3
10
20,16,3
2
13,28,3
2
9,1,3
10
20,16,4
2,21
13,26,4
28,2
2,11,3
13
1,13,3
16
13,16,4
2,21
21,2,3
5
1,20,3
2
28,16,3
11
21,2,5
16,12,20
2,1,4
21,16
2,1,3
16
2,28,4
16,21
2,21,4
9,10
11,26,3
12
21,2,3
16
2,22,3
13
13,11,3
1
2,21,3
16
26,20,3
13
1,6,5
16,2,26
11,10,3
20
27,26,3
17
16,12,3
8
10,25,3
15
12,2,3
20
19,26,3
25
2,10,5
21,16,13
2,13,4
21,1
21,2,6
16,27,11,13
1,20,3
16
17,27,3
26
11,2,4
28,20
13,21,3
2
11,9,4
1,16
28,20,3
12
2,13,3
10
15,19,3
10
2,21,4
16,1
1,2,3
16
25,2,4
10,9
2,20,3
26
29,12,3
28
9,15,3
10
11,28,3
12
26,28,3
11
20,12,3
2
9,15,3
10
29,2,3
16
13,2,3
21
2,21,5
13,9,16
13,12,3
28
2,16,3
21
16,21,3
2
13,20,3
2
1,2,3
21
20,2,3
16
25,12,3
10
9,2,3
26
1,6,4
21,16
2,13,3
21
10,26,3
25
1,2,3
21
16,20,3
21
16,13,3
14
15,9,3
10
12,2,5
1,16,21
1,28,3
16
21,20,4
2,19
15,26,3
25
26,2,3
19
20,2,4
16,21
10,21,5
15,11,16
1,2,3
21
2,26,4
10,21
21,16,8
2,7,13,28,11,12
16,2,3
21
