284,284,4
297,71
21,1,3
11
263,11,5
260,253,5
297,8,3
5
284,35,3
35
71,449,3
449
35,35,3
35
284,35,3
284
5,260,4
8,5
35,260,3
765
8,11,3
5
5,21,3
5
5,2151,3
35
297,253,3
5
449,5,5
21,5,8
875,260,3
428
651,5,3
5
5,651,3
5
77,77,4
2151,2151
5,35,3
35
263,35,3
336
28,28,4
284,284
71,2151,3
35
260,651,3
651
5,297,4
21,71
765,35,3
260
449,480,3
21
284,651,3
428
35,5,3
284
5,5,3
8
1,5,4
11,5
35,253,3
253
351,640,3
284
284,651,3
428
5,2151,3
35
480,1005,3
651
253,261,3
260
253,253,3
35
11,480,3
5
603,603,3
875
5,35,3
480
35,21,4
603,603
5,480,4
480,35
5,21,3
480
284,449,3
35
5,11,3
5
21,21,4
71,71
5,5,3
8
480,5,4
5,5
651,21,3
260
297,35,3
260
35,35,3
35
260,28,3
253
480,480,5
875,875,603
480,480,4
35,77
284,284,3
11
35,35,3
603
71,212,3
71
480,480,4
35,35
263,71,3
263
253,284,3
284
351,21,4
297,297
253,59,3
253
253,8,3
5
875,5,4
480,8
5,5,3
8
284,253,3
284
253,603,3
35
35,351,3
284
351,875,4
35,603
5,5,3
765
21,284,3
5
253,5,3
5
59,35,3
35
260,35,4
253,35
449,284,3
77
21,5,3
480
284,603,3
35
351,11,3
351
640,640,4
71,260
21,5,3
5
351,351,4
284,284
8,1,3
5
5,875,4
603,875
11,480,3
5
5,253,3
5
35,284,3
5
35,5,3
5
260,5,3
21
35,21,7
5,8,5,8,5
428,428,3
21
1005,253,4
1,1
449,5,3
5
253,449,3
260
284,11,3
253
21,77,3
260
28,35,3
21
253,284,3
284
5,11,3
253
21,21,5
11,1,11
480,11,3
5
35,35,4
875,875
1,8,4
11,5
5,21,3
8
253,480,3
35
11,8,3
5
104,640,3
35
351,351,5
284,640,640
651,260,3
765
21,449,3
21
284,260,3
71
21,284,3
5
284,21,3
5
35,212,5
351,351,35
284,651,3
428
5,35,3
5
5,5,5
284,284,5
212,875,7
35,253,253,253,35
5,11,3
5
104,35,3
104
21,5,3
5
11,35,5
5,5,480
35,104,5
284,284,35
5,5,3
8
640,603,4
284,284
351,260,3
35
35,2151,3
35
5,253,3
35
253,253,4
35,35
5,11,3
5
253,253,4
5,21
35,21,3
603
104,640,3
35
77,71,3
449
104,104,3
104
297,21,3
71
428,284,3
35
5,2151,3
35
21,640,3
284
5,71,3
5
284,35,3
35
875,11,5
35,284,11
71,11,3
5
11,480,3
5
253,253,4
35,35
5,5,5
5,11,11
35,8,3
5
8,35,4
5,480
2151,71,3
35
104,104,5
253,253,35
263,35,4
253,253
35,5,4
428,21
5,260,6
603,875,212,35
351,35,3
284
35,35,3
253
5,35,3
480
284,284,3
253
5,35,3
480
21,428,3
5
875,875,4
480,35
263,351,3
263
35,21,4
480,480
11,11,4
5,5
351,59,3
253
212,5,4
253,253
5,11,3
5
35,5,4
480,5
5,284,6
5,35,35,284
428,336,3
336
765,651,5
21,71,297
35,11,6
480,5,8,5
428,336,3
336
35,35,5
253,253,35
603,253,3
35
260,5,3
5
21,5,3
8
8,5,3
35
5,5,3
8
5,297,4
21,71
5,449,5
21,765,263
5,1,3
11
5,8,3
71
11,212,4
21,212
71,35,3
5
651,35,3
21
5,35,3
8
11,8,3
5
260,284,4
5,5
35,5,3
480
260,1,3
28
5,351,3
351
480,11,4
5,21
603,11,3
11
284,253,4
253,253
875,875,4
5,212
77,5,3
21
5,1005,3
336
35,260,3
765
5,603,3
8
480,875,4
212,212
35,5,3
5
5,284,3
284
28,11,4
21,5
5,21,3
5
253,284,3
5
351,253,3
284
253,8,4
253,5
5,603,3
8
260,875,3
428
21,1005,3
765
260,253,4
253,59
21,71,5
5,11,11
35,260,3
765
284,35,3
284
603,253,3
35
253,104,4
35,35
253,35,3
253
651,449,3
263
640,640,4
35,35
21,21,4
5,5
449,71,3
260
351,284,3
284
640,35,4
284,284
21,5,4
21,5
253,284,3
35
253,284,3
253
28,5,3
11
284,35,3
253
297,336,3
297
8,284,4
5,351
5,5,3
253
428,284,3
77
260,104,3
253
5,21,5
428,253,253
59,104,3
104
35,11,3
5
640,284,3
284
253,284,4
35,35
284,651,3
428
284,765,3
428
5,2151,3
35
35,5,3
875
35,640,3
35
5,5,3
5
5,1005,3
765
21,875,3
603
297,263,3
263
260,77,4
5,35
1,5,3
11
71,2151,3
35
5,428,3
5
284,11,4
11,1
5,875,5
212,212,875
651,651,8
5,8,5,651,8,5
253,35,3
5
449,5,4
260,5
297,35,3
260
1,5,3
11
35,351,4
640,284
5,11,3
5
5,2151,3
35
28,35,3
21
21,603,3
35
11,480,3
5
449,449,3
449
11,480,3
5
1,5,3
11
5,2151,3
35
71,77,4
5,21
428,35,3
428
875,875,3
212
875,5,4
5,8
640,35,4
765,260
21,5,6
11,1,1,11
35,35,5
5,8,5
651,263,3
260
5,336,4
5,651
8,11,3
5
253,35,3
35
640,351,4
5,5
5,5,3
5
35,35,3
640
5,5,3
5
1,5,3
5
449,449,4
260,21
59,35,3
59
5,5,3
8
71,261,3
71
480,59,3
35
5,640,3
8
71,263,3
71
875,875,3
603
35,351,3
284
1,5,3
5
71,2151,3
35
35,260,3
765
11,480,3
5
351,1005,3
765
253,640,3
253
71,2151,4
5,8
5,2151,3
35
428,428,4
603,35
5,1005,3
260
5,297,3
297
253,253,3
651
5,640,3
5
284,449,3
284
71,2151,3
35
640,640,4
5,11
260,875,6
35,603,480,480
21,480,4
5,5
5,5,5
35,35,5
21,5,3
5
480,11,3
5
875,875,4
875,212
351,21,3
11
603,35,3
603
71,2151,3
35
35,35,4
428,297
253,603,3
35
5,212,6
21,260,428,35
603,253,3
35
5,2151,3
35
11,35,3
284
71,2151,3
35
449,253,4
260,253
480,875,3
480
104,21,4
104,35
5,297,4
21,71
5,5,3
297
284,449,3
5
260,212,3
35
35,5,3
35
260,263,4
261,261
71,5,3
21
8,1,3
5
284,2151,3
35
21,449,3
260
875,5,3
480
297,5,4
71,21
35,35,4
5,5
5,284,3
5
260,5,3
21
71,5,3
5
11,480,3
5
765,11,3
5
253,35,3
35
260,603,4
284,35
260,5,3
5
8,35,4
5,35
5,2151,3
35
284,449,5
35,253,253
603,8,3
480
8,35,3
5
35,35,3
480
21,5,3
35
11,5,4
5,8
21,8,3
5
8,21,4
8,5
1,5,3
11
351,28,4
253,284
284,253,3
253
35,260,3
765
297,449,3
71
284,336,3
5
253,260,7
253,875,875,35,428
1,5,3
8
8,11,3
5
253,260,3
253
260,449,3
263
21,603,3
35
480,11,3
5
480,212,6
5,8,480,875
253,35,4
640,253
284,35,3
640
449,71,3
260
449,77,4
263,449
253,603,4
59,35
1,5,4
5,8
351,5,4
284,5
449,5,3
875
1,5,3
11
21,21,4
5,5
59,59,6
253,297,297,253
351,8,3
5
21,1005,6
480,5,5,260
8,11,3
5
5,35,3
5
1,5,3
11
5,35,5
5,480,35
35,351,3
284
449,284,3
77
35,260,3
765
284,351,3
284
35,5,3
480
428,875,5
651,5,260
428,284,3
21
260,1005,5
5,8,5
104,21,3
35
603,253,3
35
5,1,3
11
875,35,3
603
35,284,3
284
35,104,3
35
5,284,4
5,8
603,59,4
35,253
5,260,4
35,253
284,5,3
5
5,5,3
8
5,260,6
8,5,21,71
875,875,3
212
5,5,3
640
11,351,3
351
28,5,3
11
212,35,3
603
59,35,3
253
5,1,3
11
5,11,3
5
5,351,3
11
765,8,4
21,5
35,5,4
5,8
297,603,3
5
35,35,5
253,253,35
35,260,3
765
5,1,3
8
21,449,3
77
35,212,4
603,212
21,351,3
11
297,5,4
21,5
212,875,3
212
253,35,4
5,284
260,253,6
21,11,35,35
8,480,3
5
28,8,3
5
297,35,3
35
284,8,3
5
253,35,4
263,263
1005,5,3
260
260,5,4
260,651
5,2151,3
35
35,35,4
5,5
35,260,3
35
253,5,3
253
59,351,3
253
263,35,3
35
1,21,3
11
1,21,3
5
297,5,5
5,5,449
5,21,4
8,5
35,71,3
21
5,1,3
11
5,35,3
5
5,5,3
8
35,5,4
480,5
35,77,3
35
263,449,3
449
5,104,4
480,35
28,5,3
11
5,35,4
11,480
212,212,4
71,71
480,8,3
5
5,449,3
21
253,35,4
35,603
5,35,3
5
11,8,3
5
651,284,3
428
351,59,3
253
77,5,5
260,21,5
71,2151,3
35
260,875,4
428,35
35,11,3
5
1,5,3
11
28,11,4
5,5
71,2151,3
35
253,35,4
263,263
35,5,3
480
5,449,3
5
1,8,4
11,5
284,5,4
35,35
71,449,3
263
5,5,3
5
284,21,3
284
5,1,3
11
11,351,3
5
5,297,3
297
212,260,4
603,35
1005,1005,6
35,35,5,8
5,35,3
5
21,11,3
5
297,480,8
5,480,35,875,875,603
297,35,5
5,8,5
5,603,3
8
875,212,5
35,351,212
253,35,3
5
5,5,3
8
284,651,3
428
875,253,3
253
284,5,3
8
35,765,3
428
35,351,3
35
21,284,3
351
253,640,3
35
21,11,4
5,8
11,480,3
5
284,284,3
284
28,35,3
1
35,875,3
35
35,1005,3
428
35,59,3
253
297,35,3
35
5,336,3
5
480,5,5
480,875,875
260,77,4
5,35
5,5,4
5,5
284,28,3
35
480,35,3
35
5,21,4
5,21
11,11,5
5,8,5
1,5,3
11
640,253,3
35
35,35,3
480
260,21,3
5
875,71,4
480,5
59,5,3
480
1,21,4
11,5
212,875,5
480,8,5
284,284,4
253,5
11,5,3
5
263,5,3
21
11,351,3
21
5,5,3
8
21,21,3
5
297,8,3
5
21,284,3
5
875,260,5
35,5,5
35,21,3
480
263,77,4
71,71
21,35,4
5,5
284,284,4
35,35
875,260,4
35,428
297,8,3
5
5,5,3
8
5,284,3
8
5,5,3
8
640,212,3
603
1,5,3
11
261,11,7
261,71,5,5,11
35,480,4
5,5
5,11,3
11
21,35,3
253
603,77,3
253
35,253,3
603
603,253,3
35
5,8,3
5
284,449,4
480,21
35,351,3
603
104,5,4
35,480
351,253,3
284
1,71,4
28,21
260,5,5
5,8,8
640,640,4
35,35
5,35,3
5
284,21,3
480
8,21,3
5
263,449,4
5,263
77,263,3
449
71,2151,3
35
8,21,3
5
21,603,6
71,5,8,5
35,284,3
5
77,260,3
260
8,1005,3
5
284,284,7
5,5,21,5,5
21,77,3
5
1,28,3
28
284,35,6
28,1,28,35
35,765,3
260
253,284,3
284
449,449,4
428,253
5,875,3
480
428,5,5
5,284,284
35,875,3
35
263,5,3
263
35,5,3
480
21,351,3
351
284,651,3
428
77,5,3
35
640,603,6
35,5,8,5
8,35,3
5
35,297,3
21
1005,71,3
253
651,336,3
336
1,8,3
5
1,5,3
11
640,35,3
35
212,212,4
603,35
5,8,4
8,8
35,104,4
5,480
5,351,4
8,480
35,284,4
480,5
875,428,8
603,5,8,5,297,260
5,35,3
5
35,35,4
21,480
351,21,5
11,8,21
640,5,5
35,35,480
480,11,3
5
28,5,3
5
11,336,4
5,21
5,8,3
8
104,480,3
35
603,59,4
35,253
284,640,5
5,8,5
35,5,3
480
8,35,3
5
297,35,4
5,480
428,11,3
21
21,253,4
428,428
351,21,3
284
284,35,3
35
5,11,4
8,5
875,260,4
35,428
35,263,4
253,253
11,5,3
5
5,2151,3
35
11,5,3
5
260,5,3
21
5,104,3
35
35,640,3
640
104,2151,3
104
284,297,4
428,260
8,5,3
8
35,5,3
35
35,603,4
875,603
651,260,3
71
253,5,3
253
5,428,6
21,603,603,35
5,2151,3
35
104,59,3
253
875,875,5
35,5,480
284,8,3
5
5,35,3
5
1,5,6
11,5,5,8
263,35,4
253,253
284,253,4
284,253
765,35,3
260
77,253,3
35
35,35,3
284
875,253,7
212,212,875,212,35
71,284,3
5
21,284,3
5
21,21,5
5,8,5
5,212,7
21,480,35,603,875
5,1005,3
5
603,35,3
35
1,640,4
5,603
1,5,3
11
284,5,4
35,480
11,480,3
5
11,8,3
5
35,11,3
5
260,35,5
428,253,253
28,21,3
5
71,2151,3
35
253,261,3
260
351,8,5
35,480,5
5,212,3
875
1005,5,3
765
253,35,3
253
35,8,3
5
449,5,3
5
284,284,4
875,253
1,5,5
11,5,8
1,5,3
11
297,5,3
5
35,603,3
35
28,480,3
253
35,351,3
284
253,59,3
35
651,21,4
5,5
35,5,3
480
5,5,3
8
651,253,3
428
104,5,3
35
640,35,3
640
71,2151,3
35
21,21,4
5,5
35,260,3
765
35,260,3
765
212,260,4
35,428
5,651,3
8
651,35,3
260
35,21,4
5,8
8,5,3
8
212,875,6
480,480,35,35
351,284,5
284,640,640
284,8,3
5
284,651,3
428
21,297,5
5,8,5
11,253,3
5
5,1005,3
765
71,2151,3
35
35,263,3
297
480,8,3
5
35,35,3
35
5,5,4
21,297
5,11,3
5
765,603,3
35
765,35,3
260
260,5,3
21
35,5,3
5
1,5,4
11,5
212,11,3
5
1,284,4
5,5
28,11,3
11
449,35,3
5
765,35,3
260
21,21,5
35,5,8
71,2151,3
71
71,28,4
5,11
5,603,3
8
5,5,3
8
260,35,3
765
21,212,4
212,212
284,284,3
253
35,875,4
640,640
336,8,3
5
5,480,4
21,21
35,253,3
253
336,71,3
297
765,35,3
260
35,11,5
212,35,21
59,603,3
603
260,35,3
765
284,8,3
5
5,284,4
35,35
284,351,3
284
35,253,3
253
35,284,3
35
284,284,4
5,8
253,428,3
253
651,284,3
428
5,5,3
8
875,875,4
35,351
875,875,8
35,428,260,260,253,35
5,1005,3
765
449,5,3
71
1,5,3
11
5,21,3
8
35,35,3
603
260,5,3
5
8,428,3
5
297,5,4
5,5
5,1005,3
765
5,5,3
8
5,603,3
8
71,2151,3
35
253,253,3
651
35,35,4
8,5
1005,5,3
260
5,297,3
5
480,875,4
603,212
35,260,3
260
297,5,4
5,253
5,5,3
8
11,651,3
651
1,5,4
5,8
5,21,3
5
1,5,3
11
253,5,3
253
260,284,3
428
21,8,3
5
5,5,3
8
297,35,3
260
71,2151,3
35
35,5,3
480
351,351,4
284,284
5,1,3
480
5,5,3
8
35,260,3
765
8,21,3
5
260,875,5
428,35,603
8,35,4
5,480
875,875,4
212,212
8,35,3
5
263,35,3
253
35,5,3
480
5,253,3
71
284,35,3
253
603,253,3
35
104,5,3
35
1,5,3
11
875,260,6
603,35,480,21
284,28,3
35
480,480,3
35
212,8,4
1,11
21,603,4
284,35
28,5,3
8
5,1,3
11
253,260,4
59,5
35,260,3
640
5,297,3
11
35,5,3
480
297,11,3
5
875,253,4
5,5
5,1,3
11
5,875,3
8
765,35,3
260
35,875,4
284,284
35,11,5
480,5,5
5,11,4
8,5
253,35,3
284
35,8,4
35,5
1,5,9
11,5,5,11,1,1,11
5,2151,3
35
765,5,3
651
104,480,4
480,5
11,77,4
5,5
253,875,3
35
1,35,3
1
5,5,3
8
260,35,3
284
35,253,3
35
35,253,3
253
5,1,3
11
253,5,4
5,8
11,260,6
5,71,297,297
651,640,5
428,253,35
651,5,3
651
284,284,4
351,351
480,11,3
5
5,28,3
5
21,21,6
253,253,253,253
71,21,3
21
449,260,3
651
765,35,3
260
297,261,3
651
449,5,3
21
263,35,3
260
260,35,5
253,253,35
5,336,3
5
5,35,3
480
263,603,3
603
263,35,3
260
35,212,5
260,428,35
71,260,4
5,5
603,253,3
35
297,35,3
21
765,21,3
260
875,875,7
35,11,5,8,5
71,2151,3
35
297,5,3
71
640,59,3
253
35,297,3
21
35,5,3
480
71,71,3
71
21,351,4
5,8
5,1005,3
5
449,253,3
253
351,35,3
35
875,603,3
603
5,260,4
5,21
5,5,3
8
2151,480,4
35,5
35,351,4
284,351
1,5,3
11
1,5,3
11
297,875,4
5,603
1,5,3
11
640,35,4
284,284
284,284,4
35,35
1,5,3
11
35,35,3
284
263,35,4
253,253
77,449,4
336,5
1,21,4
1,11
5,351,4
8,11
11,480,3
5
5,1,3
11
11,35,4
11,284
260,253,3
260
11,11,3
5
297,480,5
5,5,297
1005,8,3
5
35,5,3
5
284,351,3
284
35,480,4
284,5
35,875,5
28,11,5
480,11,4
21,5
5,35,3
480
35,351,3
284
5,5,3
8
21,5,3
5
21,449,3
5
297,71,3
71
212,8,4
603,35
284,260,4
35,253
21,35,3
35
35,21,3
35
21,5,3
5
1,8,3
5
35,35,6
253,253,5,253
260,8,3
5
5,480,3
5
480,11,3
5
253,35,3
35
5,1,3
5
5,5,3
8
603,59,3
253
875,875,3
875
5,2151,3
35
212,875,5
480,480,875
8,35,3
35
765,35,3
260
284,651,3
428
21,260,3
875
35,21,3
480
35,35,4
212,212
11,2151,3
35
11,261,3
5
5,5,3
8
8,71,3
71
5,28,9
8,284,284,28,28,284,284
1005,260,3
765
35,35,3
284
253,651,3
428
5,5,3
8
284,253,3
253
1,5,3
11
5,449,3
449
284,651,3
428
35,8,3
5
284,284,3
253
263,35,3
260
640,640,5
284,284,640
35,253,3
35
253,21,5
5,8,5
35,104,3
104
875,875,5
35,480,480
449,28,4
260,71
5,8,4
260,5
8,336,3
5
428,428,4
651,651
449,35,3
5
11,35,3
5
11,5,3
480
253,284,3
71
5,2151,3
35
253,253,4
35,35
261,765,3
263
449,284,3
21
875,5,4
11,11
1,8,3
5
77,5,3
428
35,284,3
35
765,35,3
260
253,21,3
35
480,11,3
5
875,875,6
603,35,5,480
35,603,5
253,35,35
1,5,3
11
480,11,3
5
8,11,4
5,5
35,875,5
35,212,212
651,104,3
253
104,5,3
35
21,284,3
35
71,2151,3
35
297,28,5
5,5,297
1,5,3
11
875,297,7
35,351,11,5,5
71,8,3
5
765,35,3
260
5,875,7
260,260,5,8,5
1,8,4
11,5
5,5,4
5,8
253,35,5
35,603,603
35,260,3
336
35,5,5
284,11,11
5,35,3
8
603,35,3
640
260,297,3
297
260,35,3
765
5,603,3
8
11,5,3
5
765,35,3
260
875,875,5
603,480,603
1,5,3
11
1,5,3
11
263,5,3
260
104,35,4
35,480
77,284,3
336
59,284,3
253
35,351,3
284
11,8,3
11
651,284,3
5
21,253,3
5
1,21,3
11
5,35,3
5
11,480,3
5
260,212,5
651,21,480
875,260,4
35,428
651,21,4
5,5
5,284,3
8
603,284,3
35
253,336,3
297
765,35,3
260
35,35,4
480,35
428,5,3
765
21,21,4
5,5
11,8,6
5,8,71,5
480,21,4
5,5
297,35,3
35
71,640,3
71
8,21,3
5
253,35,3
35
297,35,3
260
77,449,3
77
449,284,3
260
21,21,3
5
284,35,3
284
212,5,4
875,480
1005,480,4
5,8
875,875,3
603
5,8,3
8
284,651,3
428
284,35,3
284
260,351,3
21
35,8,3
5
8,35,3
5
284,253,4
428,651
253,11,4
5,8
35,35,4
284,284
297,449,3
71
77,35,3
263
5,5,4
8,5
284,11,4
5,5
35,8,3
5
1005,1005,3
21
8,284,3
5
351,11,3
11
640,351,4
640,284
5,5,3
284
5,284,4
8,284
1,5,3
11
11,5,3
253
5,260,3
5
253,351,3
284
5,253,4
651,651
253,640,4
5,5
651,253,4
651,336
5,260,3
5
21,5,7
5,8,21,261,261
351,35,3
35
35,1,3
1
77,21,3
428
351,35,3
21
35,297,3
21
21,5,3
5
5,875,3
603
5,77,5
8,5,21
71,11,3
21
449,449,3
5
71,2151,3
35
77,5,3
21
765,35,3
260
603,71,3
21
1,5,4
5,8
11,480,3
5
11,480,3
5
11,449,3
263
284,35,3
253
21,5,3
8
480,284,3
284
875,875,5
212,212,875
284,603,4
35,35
5,260,3
5
253,284,3
428
11,260,3
1005
263,351,3
263
284,59,3
35
284,253,3
253
336,263,3
5
875,651,5
35,428,260
1,480,3
5
1,5,3
11
5,2151,3
35
35,297,3
253
5,5,3
8
253,651,3
428
5,5,3
5
8,351,3
5
35,297,3
260
284,35,3
35
21,8,4
480,5
35,11,3
284
260,336,3
253
1,5,3
11
603,11,3
21
875,875,6
5,5,212,212
603,480,3
480
35,5,3
35
297,263,3
263
260,875,4
35,35
260,11,3
5
651,5,3
651
11,480,3
5
35,5,3
5
35,11,3
1
5,77,6
5,263,449,449
5,71,3
8
11,11,3
5
428,35,3
428
284,284,3
253
297,35,4
260,260
35,5,3
5
5,5,3
8
875,875,3
212
297,260,8
297,5,875,875,35,428
480,8,3
5
8,11,3
5
253,35,4
284,284
11,11,5
5,5,21
5,5,3
8
11,260,3
651
260,875,7
260,428,35,35,603
1,5,3
5
5,284,3
8
260,104,3
253
35,480,3
5
5,1,4
11,1
253,5,3
5
77,21,4
21,5
1,5,4
11,5
260,480,6
297,71,21,5
263,35,3
253
35,35,3
35
1,5,4
11,5
5,253,3
5
1,1,5
263,263,11
297,35,3
35
253,104,4
284,35
1005,351,3
5
5,35,3
480
603,260,4
428,260
260,875,4
428,35
5,21,4
428,253
1,8,4
1,5
35,35,4
297,297
765,35,3
260
253,253,3
651
8,336,3
5
284,284,3
35
71,2151,3
35
351,35,3
351
21,5,3
35
284,284,5
5,8,5
71,2151,3
35
212,212,6
35,351,35,35
21,21,4
5,5
253,35,3
35
71,2151,3
35
1,5,5
1,284,5
284,253,3
5
765,35,3
260
297,253,4
5,8
449,77,5
11,5,21
253,603,3
35
11,5,5
5,8,5
5,5,3
5
603,261,4
261,297
5,11,3
5
875,35,3
875
603,480,3
35
651,28,4
5,5
449,253,3
449
5,35,3
351
5,2151,3
35
351,11,6
35,253,253,284
284,651,3
428
21,284,3
5
603,603,3
5
284,284,5
284,5,5
603,5,3
480
5,2151,3
35
253,35,3
253
5,1,3
11
35,5,3
5
351,11,6
11,5,8,5
253,5,4
35,480
21,8,3
5
449,35,3
35
5,253,3
5
253,253,3
35
603,253,3
35
5,351,3
11
5,1,4
21,11
35,21,7
640,35,5,5,5
21,11,3
21
260,260,5
21,8,21
284,284,3
640
21,77,4
71,260
5,5,3
8
5,5,3
8
449,640,4
260,35
297,35,3
253
603,253,3
35
428,284,3
35
8,260,5
5,11,5
5,5,3
260
603,5,3
21
1,35,6
35,5,5,480
35,640,3
640
1,5,3
11
875,875,7
35,640,35,253,603
428,35,4
71,21
5,260,3
21
351,5,6
5,5,35,35
35,297,3
253
35,297,3
260
35,8,3
5
5,35,3
5
480,11,3
5
11,480,3
5
77,5,6
104,35,5,8
77,5,3
284
253,263,4
253,59
5,253,3
8
284,5,4
5,8
449,5,3
5
11,5,3
8
212,260,4
35,428
449,5,3
21
284,284,5
428,651,651
1,5,3
11
1,640,3
284
5,336,4
297,297
260,35,3
765
603,480,3
35
351,21,3
28
5,21,3
5
603,351,3
35
603,28,6
480,5,8,8
11,8,3
5
71,2151,3
35
1005,8,3
765
35,11,4
284,11
260,875,3
35
5,1,3
11
284,284,3
8
5,8,3
5
5,2151,3
35
35,8,4
71,5
21,1005,3
260
28,11,3
8
284,640,3
640
603,640,3
640
5,1,3
11
253,1,4
284,284
5,253,3
5
875,875,3
35
253,59,5
5,8,5
449,260,3
21
765,35,4
260,35
5,5,3
8
8,21,3
5
1,21,3
5
603,253,3
35
5,1005,3
765
875,875,4
480,5
5,5,5
35,35,35
5,8,3
8
77,284,3
253
253,253,4
35,35
263,1,6
261,5,11,28
640,260,5
260,449,449
21,8,3
5
5,8,6
5,297,297,5
1005,651,5
765,5,5
11,35,3
5
21,11,3
5
640,35,4
35,5
480,5,3
480
480,284,4
35,35
35,8,3
5
5,11,3
5
35,2151,3
212
284,284,4
35,35
336,35,4
261,765
1,5,3
11
5,336,3
336
35,77,3
603
297,11,4
5,8
260,284,3
336
35,260,3
765
253,449,5
59,77,449
260,35,3
765
5,351,3
5
428,35,3
253
253,428,3
35
260,35,3
765
5,1,3
11
5,603,3
8
71,28,3
11
1,35,5
11,5,5
603,603,4
35,35
351,297,4
35,5
35,35,3
284
480,351,3
35
284,651,3
428
1,5,4
11,5
35,260,3
765
1,8,3
5
5,1,3
11
253,603,3
35
284,284,4
428,428
284,11,4
480,21
5,104,3
35
5,35,3
8
284,297,3
297
35,104,3
104
640,640,3
21
35,5,3
5
35,5,3
480
212,875,5
5,8,5
35,260,3
765
5,5,3
8
1005,1005,3
71
5,253,4
480,35
263,253,3
253
5,5,3
8
640,5,3
253
5,5,3
8
297,449,3
449
5,640,3
35
449,71,3
449
651,21,4
5,5
5,5,3
5
640,603,4
875,875
260,5,3
21
11,11,6
5,8,8,5
71,2151,3
35
11,297,3
263
59,59,3
59
2151,2151,4
35,35
1,5,4
11,5
35,5,3
5
5,1005,3
5
449,449,4
71,21
284,253,3
5
253,603,3
35
297,428,3
428
284,651,3
428
260,35,3
765
11,336,3
336
603,253,3
35
261,28,4
5,11
284,284,4
5,5
1,5,3
1
449,11,3
21
59,104,4
253,104
765,35,3
260
5,35,4
8,5
336,5,4
5,8
336,21,3
21
21,875,3
603
21,284,4
5,284
5,1005,3
260
284,35,3
284
428,35,3
35
765,35,3
260
284,651,3
428
35,21,3
5
11,8,3
5
5,35,3
284
603,253,3
35
260,35,3
35
35,284,3
35
284,603,3
35
480,21,3
5
875,35,3
875
35,59,3
59
5,28,3
11
5,5,4
8,8
1,263,3
5
35,35,3
284
449,8,3
5
263,253,3
263
35,297,3
21
603,35,4
603,603
35,284,3
35
5,5,3
8
35,351,3
35
5,5,3
8
1,284,3
11
480,640,6
5,5,8,640
5,2151,3
35
35,21,6
21,5,8,5
480,11,3
5
5,1005,4
5,5
351,11,4
28,5
5,260,3
21
5,1005,3
5
5,260,4
21,21
71,11,3
21
35,260,3
765
35,35,5
5,8,5
5,765,3
5
35,260,3
765
284,284,4
35,35
5,297,3
21
284,35,4
5,5
8,11,3
5
5,1,3
11
