2,26,3
20
1,6,5
16,2,26
1,12,7
11,26,25,29,28
21,16,8
2,7,13,28,11,12
15,25,4
10,26
20,12,3
2
2,11,3
13
11,26,3
12
2,21,4
9,10
20,2,4
16,21
2,26,4
10,21
2,13,4
21,1
2,21,4
16,1
11,28,5
26,25,20
19,26,3
25
28,16,3
11
11,28,3
12
21,11,3
2
20,16,4
2,21
2,13,3
21
1,20,3
16
10,2,3
12
1,20,3
2
2,10,5
21,16,13
21,20,4
2,19
13,2,3
21
17,27,3
26
16,21,3
2
21,2,5
16,12,20
11,2,4
28,20
2,14,6
16,1,12,21
13,28,3
2
2,21,5
13,9,16
26,2,5
9,10,1
13,21,3
2
12,2,5
1,16,21
1,21,3
2
13,11,3
1
20,2,3
16
2,12,3
28
11,9,4
1,16
16,2,3
21
2,1,3
16
15,26,3
25
25,12,3
10
8,16,3
21
1,28,3
16
26,9,3
10
19,28,3
11
26,20,3
13
11,10,3
20
1,2,3
21
27,26,3
17
16,26,3
21
15,9,3
10
26,28,3
11
10,15,4
9,26
12,1,5
20,16,21
15,12,3
21
26,20,3
10
2,21,3
16
16,20,3
21
1,11,3
16
21,15,7
16,1,26,9,10
10,26,3
9
16,21,3
2
2,13,3
10
9,1,3
10
10,25,3
15
20,1,5
28,12,16
9,15,3
10
21,2,3
16
13,26,4
28,2
2,20,3
26
16,13,3
14
29,2,3
16
1,9,4
28,20
28,13,3
2
12,2,3
20
1,6,4
21,16
1,2,3
16
1,2,3
21
1,2,3
21
21,2,3
5
13,12,3
28
2,1,4
21,16
1,13,3
16
16,1,4
20,29
16,20,3
21
15,19,3
10
21,16,3
2
9,15,3
10
2,28,4
16,21
20,16,3
2
29,12,3
28
13,20,3
2
10,21,5
15,11,16
16,1,3
21
1,2,3
16
13,28,3
20
