16,21,3
2
1,9,4
28,20
16,1,4
20,29
16,12,3
8
10,25,3
15
13,11,3
1
20,2,3
16
13,28,3
2
26,20,3
10
10,26,3
25
29,12,3
28
29,2,3
16
21,15,7
16,1,26,9,10
15,19,3
10
26,9,3
10
26,20,3
13
26,2,3
19
13,16,4
2,21
2,10,5
21,16,13
19,26,3
25
11,10,3
20
2,11,3
13
16,13,3
14
1,20,3
2
9,15,3
10
2,21,3
16
16,1,3
21
11,2,4
28,20
11,28,3
12
1,13,3
16
21,16,3
2
15,25,4
10,26
10,2,3
12
12,2,3
20
15,12,3
21
25,12,3
10
16,20,3
21
10,26,3
9
1,2,3
21
21,2,6
16,27,11,13
1,2,3
16
26,28,3
11
11,9,4
1,16
9,1,3
10
21,2,3
16
1,2,3
16
2,12,3
28
2,13,3
10
2,21,5
13,9,16
2,1,3
16
10,15,4
9,26
9,2,3
26
27,26,3
17
1,28,3
16
13,26,4
28,2
21,2,5
16,12,20
15,26,3
25
1,6,5
16,2,26
28,16,3
11
26,2,5
9,10,1
20,1,5
28,12,16
2,20,3
26
10,21,5
15,11,16
21,20,4
2,19
17,27,3
26
2,13,4
21,1
21,16,8
2,7,13,28,11,12
8,16,3
21
2,21,4
16,1
1,12,7
11,26,25,29,28
13,28,3
20
1,6,4
21,16
13,20,3
2
20,12,3
2
21,2,3
5
2,26,3
20
2,22,3
13
16,26,3
21
20,16,3
2
20,16,4
2,21
1,21,3
2
11,26,3
12
2,28,4
16,21
1,2,3
21
2,21,4
9,10
1,20,3
16
1,2,3
21
21,11,4
16,20
21,11,3
2
25,2,4
10,9
