449,28,4
260,71
284,35,6
28,1,28,35
297,35,3
35
35,11,5
480,5,5
253,5,4
35,480
297,35,3
35
5,21,3
5
640,260,5
260,449,449
5,5,3
5
35,59,3
253
284,5,3
8
5,11,3
5
284,297,3
297
1005,8,3
765
263,603,3
603
11,21,3
5
603,603,4
35,35
5,5,4
8,5
765,8,4
21,5
11,5,3
480
35,351,4
640,284
253,35,5
35,603,603
28,5,3
11
253,35,4
35,603
11,480,3
5
35,297,3
253
28,5,3
8
21,21,4
71,71
77,21,4
21,5
5,2151,3
35
284,284,4
297,71
5,260,3
5
35,8,3
5
1,71,4
28,21
5,8,3
8
71,5,3
5
297,35,3
253
351,28,4
253,284
5,21,3
5
253,59,3
253
284,351,3
284
5,297,3
5
1,284,4
5,5
104,35,4
35,480
253,449,5
59,77,449
5,5,3
8
284,284,4
253,5
11,8,3
11
5,35,3
8
8,11,3
5
260,11,3
5
35,35,3
480
1005,8,3
5
59,603,3
603
5,2151,3
35
336,263,3
5
5,21,3
480
449,5,3
5
28,11,3
8
5,71,3
8
263,5,3
263
284,284,3
253
351,59,3
253
35,35,3
35
336,5,4
5,8
1,8,3
5
35,480,4
5,5
11,651,3
651
5,297,3
297
449,284,3
77
35,5,3
35
28,35,3
21
428,5,3
765
297,35,3
260
297,35,3
35
5,1,3
11
5,5,3
8
284,449,4
480,21
11,297,3
263
5,77,5
8,5,21
261,28,4
5,11
35,253,3
253
21,875,3
603
21,640,3
284
284,297,4
428,260
11,260,6
5,71,297,297
253,253,3
651
59,351,3
253
263,5,3
21
263,35,3
35
35,35,5
5,8,5
253,284,3
35
35,297,3
260
253,35,4
263,263
253,253,4
35,35
284,351,3
284
263,35,3
336
5,8,3
5
8,71,3
71
428,336,3
336
5,21,4
5,21
253,11,4
5,8
5,35,3
5
5,1005,3
260
260,21,3
5
5,297,4
21,71
35,8,4
35,5
21,449,3
21
5,35,4
11,480
35,284,3
35
297,5,4
21,5
35,21,3
5
59,104,4
253,104
5,2151,3
35
71,260,4
5,5
875,35,3
875
71,11,3
21
260,480,6
297,71,21,5
77,104,3
104
449,260,3
21
5,2151,3
35
11,8,6
5,8,71,5
5,253,3
5
253,284,3
5
5,11,5
8,8,5
1,640,3
284
21,5,3
480
11,480,3
5
35,5,3
284
5,5,3
8
263,603,3
35
59,59,6
253,297,297,253
253,35,3
253
449,449,3
449
5,603,3
8
284,11,4
11,1
5,2151,3
35
640,640,4
35,35
5,603,3
8
11,480,3
5
104,104,3
104
263,351,3
263
35,253,3
35
5,351,3
5
297,8,3
5
21,284,3
5
284,449,3
35
8,21,3
5
21,8,3
5
765,5,3
260
603,11,3
21
261,11,7
261,71,5,5,11
260,651,3
651
284,21,3
284
21,8,3
5
351,35,5
284,5,8
351,59,3
253
71,21,3
21
35,5,3
480
640,640,4
71,260
11,5,3
253
253,428,3
253
2151,480,4
35,5
35,351,3
284
11,351,3
5
253,253,4
35,35
640,5,3
35
77,77,4
2151,2151
77,253,3
35
21,77,3
260
284,449,3
5
260,253,4
253,59
59,5,3
480
21,603,3
35
336,8,3
5
5,8,4
8,8
21,449,3
77
35,284,3
5
480,284,3
284
71,449,3
263
297,8,3
5
351,21,5
11,8,21
35,21,4
480,480
35,5,3
480
35,5,3
480
5,336,3
35
35,449,3
336
21,11,3
5
253,5,3
253
1005,480,4
5,8
260,5,3
21
1005,5,3
260
297,5,4
5,253
263,35,3
253
260,253,3
260
77,449,3
77
11,11,4
5,5
480,21,4
5,5
35,351,3
35
651,449,3
263
35,765,3
428
765,71,3
603
28,35,3
1
11,480,3
5
11,35,3
5
284,297,4
71,71
260,603,4
284,35
297,336,3
297
480,11,3
5
480,21,3
5
35,8,3
5
35,104,3
35
5,11,3
5
640,35,3
35
480,11,3
5
35,5,3
5
71,28,3
11
260,253,6
21,11,35,35
21,1005,6
480,5,5,260
11,480,3
5
351,11,6
35,253,253,284
253,21,3
428
351,21,3
11
351,59,3
253
428,428,4
651,651
1005,1005,6
35,35,5,8
77,5,3
21
260,104,3
253
351,11,6
11,5,8,5
35,59,3
253
5,260,4
35,253
21,449,3
260
260,351,3
21
351,640,3
284
253,336,3
35
449,449,4
71,21
449,8,3
5
5,297,3
21
8,284,4
11,28
284,284,3
8
11,480,3
5
5,603,3
8
284,603,4
35,35
35,640,3
640
297,35,3
260
284,284,3
253
35,297,3
253
351,35,3
35
253,351,3
284
260,336,3
253
297,35,3
260
603,59,4
35,253
5,212,7
21,480,35,603,875
8,21,3
5
35,263,4
260,263
5,640,3
5
5,5,3
8
35,603,4
875,603
297,11,4
5,8
603,35,3
603
28,35,3
21
640,603,4
875,875
5,2151,3
35
11,5,3
480
263,35,4
253,253
480,11,4
5,21
21,351,3
351
449,284,3
77
5,1,3
5
35,35,4
480,35
5,253,3
5
480,5,3
5
35,5,3
480
5,2151,3
35
35,1005,3
428
284,28,3
35
253,449,3
260
11,8,3
5
71,449,3
449
35,351,3
284
284,35,3
253
5,5,3
8
21,21,4
5,5
651,253,4
651,336
260,8,3
5
11,480,3
5
5,260,3
5
1,263,3
5
428,35,3
35
284,284,4
297,297
640,640,4
5,11
253,35,3
35
5,8,6
5,297,297,5
253,253,3
35
77,5,3
284
253,640,3
35
35,11,3
5
5,1,3
480
480,11,3
5
1,8,3
5
5,428,3
5
640,284,3
284
21,5,3
35
35,603,3
35
59,59,3
59
480,11,3
5
480,8,3
5
1,28,3
28
449,5,5
21,5,8
284,5,4
35,480
297,8,3
5
284,640,3
640
21,21,4
5,5
35,21,7
640,35,5,5,5
5,2151,3
35
603,71,3
21
284,11,4
480,21
11,2151,3
35
603,253,3
35
284,2151,3
35
260,104,3
253
603,603,3
5
603,5,3
480
21,5,3
5
21,21,5
5,8,5
640,212,3
603
284,35,3
284
212,8,4
603,35
253,253,4
35,35
5,59,3
253
284,253,3
253
5,1005,3
765
640,351,4
5,5
35,8,3
5
284,59,3
35
8,5,3
8
5,2151,3
35
35,253,3
253
297,263,3
263
8,21,3
5
11,5,5
5,71,253
8,21,3
5
11,261,3
5
35,351,3
284
428,336,3
336
449,5,3
875
603,480,3
35
260,5,3
5
428,5,5
5,284,284
351,11,4
28,5
5,284,3
8
260,5,3
21
640,35,4
284,284
351,8,5
35,480,5
8,1005,3
5
5,253,4
480,35
35,284,3
35
5,2151,3
35
11,8,3
5
603,263,3
253
5,2151,3
35
35,351,3
284
5,5,4
5,8
35,260,3
35
11,480,3
5
480,480,4
35,35
449,449,4
336,449
651,351,3
253
5,765,3
5
603,35,3
35
284,253,4
284,253
1,21,3
5
5,260,6
8,5,21,71
5,428,6
21,603,603,35
5,5,3
8
5,5,3
8
284,253,3
284
297,35,3
35
21,284,3
35
35,35,4
284,284
5,260,3
21
11,11,3
5
297,35,4
5,480
260,284,3
336
449,5,3
71
11,480,3
5
253,261,3
260
297,449,3
449
284,284,3
253
5,336,3
336
480,11,3
5
11,480,3
5
253,35,3
35
35,5,3
5
428,428,4
603,35
35,284,3
35
253,5,3
253
21,5,3
5
35,35,4
297,297
5,2151,3
35
449,5,3
5
5,2151,3
35
35,104,3
603
5,8,3
71
449,253,4
260,253
284,35,3
253
5,603,3
8
253,428,3
35
35,253,3
35
253,640,4
5,5
253,35,3
253
5,2151,3
35
253,35,4
263,263
5,5,3
8
35,480,3
5
8,35,4
5,35
284,449,3
5
260,5,3
5
35,5,3
480
1005,1005,3
71
5,1005,3
765
875,260,6
603,35,480,21
21,297,5
5,8,5
21,35,4
5,5
428,35,4
71,21
35,263,3
297
21,875,3
603
21,21,4
5,5
603,640,3
640
11,480,3
5
104,59,3
253
5,5,3
8
71,71,3
71
104,2151,3
104
11,480,3
5
35,351,3
35
35,2151,3
212
449,449,3
5
5,2151,3
35
640,351,4
640,284
5,449,5
21,765,263
5,11,3
5
8,11,3
5
603,603,4
35,35
263,35,4
253,253
35,11,4
284,11
284,449,3
284
351,351,5
284,640,640
351,21,3
28
35,35,3
603
35,5,3
5
35,5,3
35
11,35,3
5
212,284,3
35
11,11,3
5
260,21,4
5,5
28,5,3
11
284,8,3
5
5,35,3
480
603,28,6
480,5,8,8
297,35,3
260
5,2151,3
35
875,35,3
603
35,297,3
260
263,253,3
263
428,35,3
428
21,11,4
5,8
253,35,3
35
11,11,6
5,8,8,5
77,263,3
449
11,5,3
5
59,284,3
253
5,1005,3
765
11,5,3
5
765,11,3
765
35,35,3
35
603,640,3
640
284,351,3
284
263,35,3
253
449,284,3
260
5,28,3
11
253,35,3
35
5,11,3
5
35,11,3
5
35,5,4
5,8
11,260,3
651
253,253,3
35
5,35,3
5
21,77,3
5
260,263,4
261,261
11,35,3
284
11,11,5
5,5,21
8,21,4
8,5
35,5,3
480
640,35,4
284,284
260,5,3
21
5,603,3
8
2151,2151,4
35,35
35,35,4
212,212
253,35,3
5
5,11,3
11
59,284,3
253
59,104,3
104
253,284,3
428
480,11,3
5
35,260,3
336
104,5,3
35
351,35,3
284
21,21,3
5
5,5,3
765
263,5,3
260
35,5,3
480
253,260,4
59,5
284,351,3
284
253,261,3
260
59,35,3
59
35,21,4
603,603
284,35,3
284
21,5,3
35
77,21,3
428
765,11,3
5
5,5,3
8
5,5,3
8
35,640,3
640
480,35,3
21
5,603,3
8
480,11,3
5
28,5,3
11
5,297,3
71
35,59,3
253
297,5,4
71,21
8,1,3
5
336,21,3
21
5,35,3
5
212,351,3
35
5,603,3
8
253,5,3
5
5,5,3
8
449,449,4
260,21
640,603,4
284,284
263,253,3
253
253,284,4
35,35
284,284,4
351,351
284,765,3
428
765,21,3
260
875,5,4
480,8
284,603,3
35
11,77,4
5,5
5,2151,3
35
263,35,4
253,253
253,35,4
640,253
35,35,3
284
35,35,4
21,480
21,212,4
212,212
284,260,4
35,253
5,1005,3
5
253,253,4
35,35
253,284,3
284
5,260,3
5
449,449,4
428,253
5,640,3
8
351,5,4
284,5
260,449,3
263
253,8,3
5
8,11,3
5
8,11,3
5
263,11,5
260,253,5
35,5,3
480
35,5,3
5
297,28,5
5,5,297
5,5,3
8
212,5,4
253,253
5,480,4
35,603
5,2151,3
35
8,35,4
5,480
5,35,3
284
35,640,3
35
11,480,3
5
5,5,3
8
35,351,3
284
8,351,3
5
651,263,3
260
5,28,3
5
449,640,4
260,35
35,253,3
253
297,428,3
428
5,11,4
8,5
5,351,3
11
35,5,3
5
449,71,3
260
35,5,3
480
1,8,3
5
8,336,3
5
28,11,4
21,5
5,1,3
8
5,21,3
5
480,11,3
5
5,1005,3
765
71,640,3
71
11,480,3
5
603,8,3
480
5,35,3
5
253,260,3
253
