10,17,3
28
9,24,12
1,29,18,15,8,19,23,11,10,4
17,8,6
2,3,29,9
17,3,5
29,1,18
17,23,3
11
9,17,3
3
2,8,5
29,1,15
23,10,3
11
1,3,3
8
16,29,3
18
15,9,3
28
2,1,3
7
22,12,4
9,29
16,19,5
8,13,29
1,4,3
9
16,19,6
15,12,4,10
4,10,3
19
15,17,3
9
29,19,3
15
9,3,3
28
15,17,5
29,9,19
29,2,6
1,9,19,4
18,29,3
17
29,9,5
1,3,17
15,17,3
16
19,10,7
1,29,9,8,15
1,3,3
29
3,29,5
4,7,9
9,18,5
3,1,15
8,11,4
1,9
11,4,4
12,24
15,16,4
3,13
19,16,3
8
8,19,6
16,23,29,9
23,17,3
19
29,24,3
1
3,1,7
28,19,8,16,29
15,23,4
19,10
9,1,4
29,3
29,3,3
9
8,13,4
15,18
28,17,4
29,9
8,29,3
1
12,3,12
1,29,9,17,23,11,10,8,15,18
7,20,3
21
14,9,3
24
14,29,8
12,22,19,23,10,9
15,29,4
19,9
10,15,3
11
19,2,8
9,17,1,29,8,4
15,2,3
4
12,3,3
9
8,19,7
18,15,1,3,9
1,3,3
16
29,15,6
1,9,19,8
10,7,4
11,18
17,29,3
9
4,22,4
24,9
18,15,3
8
23,8,3
9
19,13,7
11,9,29,3,28
1,4,5
29,9,19
17,9,4
29,1
18,11,3
15