21,640,3
284
71,28,3
11
8,71,3
71
284,253,3
284
480,21,3
5
59,603,3
603
428,428,4
603,35
253,5,3
5
5,71,3
8
35,35,4
212,212
35,11,3
5
284,35,6
28,1,28,35
35,5,3
480
59,104,3
104
480,11,3
5
11,8,6
5,8,71,5
35,284,3
5
297,35,3
35
428,35,3
35
11,480,3
5
5,297,3
11
284,59,3
35
21,5,3
35
5,2151,3
35
11,35,3
284
1005,8,3
5
297,35,3
35
297,35,3
260
480,11,3
5
21,5,3
35
428,35,3
428
765,11,3
5
640,351,4
640,284
1005,480,4
5,8
253,21,3
428
77,21,4
21,5
5,11,3
5
35,5,3
480
603,35,3
35
297,28,5
5,5,297
253,35,3
35
253,35,3
35
35,21,7
640,35,5,5,5
11,480,3
5
5,2151,3
35
5,21,3
5
35,59,3
253
35,5,3
5
297,35,3
35
480,11,3
5
5,297,3
5
5,2151,3
35
35,11,5
480,5,5
11,480,3
5
449,284,3
77
284,284,3
8
21,35,4
5,5
253,336,3
35
21,875,3
603
59,104,4
253,104
260,104,3
253
253,5,4
35,480
260,351,3
21
8,11,3
5
21,21,3
5
5,5,3
765
428,11,3
21
603,35,3
603
253,284,3
284
297,35,3
260
5,2151,3
35
449,5,3
71
253,260,3
253
297,35,3
260
263,351,3
263
640,5,3
35
284,21,3
284
449,5,3
875
480,11,3
5
35,351,3
35
5,2151,3
35
260,336,3
253
35,640,3
640
336,263,3
5
480,11,3
5
35,35,3
35
1,28,3
28
5,5,3
8
480,351,3
35
77,5,3
284
284,35,3
253
351,35,5
284,5,8
28,35,3
21
480,8,3
5
5,297,3
21
8,11,3
5
11,480,3
5
35,297,3
260
71,11,3
21
35,21,4
603,603
651,260,3
71
5,212,7
21,480,35,603,875
11,260,6
5,71,297,297
336,21,3
21
35,21,4
480,480
1,8,3
5
35,263,3
297
5,603,3
8
77,104,3
104
77,21,3
428
77,77,4
2151,2151
11,5,5
5,71,253
253,253,4
35,35
5,11,4
8,5
1005,5,3
260
77,253,3
35
297,35,3
35
5,2151,3
35
21,336,3
21
35,603,3
35
449,284,3
77
35,5,3
480
284,297,3
297
480,5,3
5
480,11,3
5
449,449,4
428,253
8,35,4
5,480
260,253,4
253,59
297,8,3
5
71,71,3
71
297,5,4
71,21
35,35,4
21,480
5,297,4
21,71
11,5,3
480
5,2151,3
35
5,2151,3
35
35,253,3
253
284,449,3
35
480,284,3
284
21,11,3
5
603,59,4
35,253
297,263,3
263
35,5,3
35
104,104,3
104
21,21,5
5,8,5
5,11,3
5
284,449,3
5
5,8,3
71
21,449,3
77
297,5,4
21,5
5,351,3
11
1,8,3
5
5,1005,3
260
5,2151,3
35
11,480,3
5
284,5,3
8
1005,8,3
765
5,21,3
5
35,351,3
284
480,11,3
5
351,35,3
35
5,5,3
5
5,2151,3
35
284,351,3
284
284,253,4
284,253
5,2151,3
35
5,2151,3
35
5,449,5
21,765,263
603,603,4
35,35
5,603,3
8
11,480,3
5
603,640,3
640
5,5,3
8
5,603,3
8
5,2151,3
35
21,8,4
480,5
1005,1005,3
71
603,35,3
640
59,5,3
480
603,603,4
35,35
428,428,4
651,651
1,640,3
284
253,284,3
284
71,449,3
263
765,71,3
603
21,351,3
11
284,253,3
253
11,480,3
5
5,2151,3
35
449,5,3
5
35,21,3
5
480,11,3
5
5,2151,3
35
21,603,3
35
1005,1005,6
35,35,5,8
5,336,3
35
260,8,3
5
5,603,3
8
5,35,4
8,5
253,5,3
253
35,297,3
253
5,297,3
297
21,5,3
480
1,8,3
5
260,5,3
21
351,28,4
253,284
284,253,3
284
5,603,3
8
5,5,3
8
35,5,3
480
8,21,3
5
284,351,3
284
261,11,7
261,71,5,5,11
5,104,4
480,35
253,253,4
35,35
21,875,3
603
35,1005,3
428
253,428,3
253
8,35,4
5,35
640,260,5
260,449,449
11,480,3
5
212,8,4
603,35
284,284,4
297,71
428,336,3
336
428,35,4
71,21
35,351,3
284
5,35,3
480
284,284,3
253
5,253,4
480,35
284,284,4
351,351
253,35,3
35
21,212,4
212,212
104,59,3
253
35,260,3
35
21,21,4
71,71
449,5,5
21,5,8
5,603,3
8
35,284,3
35
35,59,3
253
875,5,4
480,8
297,449,3
449
5,2151,3
35
765,5,3
260
35,297,3
253
640,212,3
603
11,11,3
5
5,8,6
5,297,297,5
603,253,3
35
253,253,3
35
71,449,3
449
284,449,3
5
765,8,4
21,5
21,449,3
260
11,2151,3
35
21,77,3
5
284,297,4
71,71
651,253,4
651,336
260,35,4
253,35
5,260,3
5
5,5,3
8
35,2151,3
212
640,603,4
875,875
11,480,3
5
5,5,4
5,8
11,5,3
480
284,284,4
253,5
8,21,3
5
253,253,3
651
480,480,4
35,35
651,351,3
253
449,640,4
260,35
5,59,3
253
11,11,6
5,8,8,5
5,603,3
8
8,5,3
35
11,8,3
11
5,11,3
5
297,428,3
428
284,260,4
35,253
11,480,3
5
260,104,3
253
253,35,4
640,253
253,253,3
651
212,5,4
253,253
11,21,3
5
351,640,3
284
260,651,3
651
284,449,3
284
5,2151,3
35
284,284,4
297,297
11,11,4
5,5
5,428,6
21,603,603,35
35,5,4
428,21
351,35,3
35
11,480,3
5
284,449,4
480,21
11,77,4
5,5
449,71,3
260
640,35,3
35
8,35,3
5
5,1,3
11
5,5,3
284
449,284,3
260
875,35,3
875
297,35,3
253
5,8,3
5
603,11,3
21
284,11,4
11,1
253,11,4
5,8
35,11,3
5
5,1,3
8
5,2151,3
35
2151,2151,4
35,35
11,35,3
5
284,284,4
428,428
5,1,3
5
77,5,3
21
28,35,3
21
8,11,3
5
640,35,4
284,284
5,11,3
11
35,640,3
35
35,35,3
603
35,104,3
35
11,480,3
5
297,35,3
35
212,351,3
35
35,35,5
5,8,5
449,449,4
263,263
5,11,3
5
8,336,3
5
21,11,4
5,8
5,2151,3
35
2151,480,4
35,5
260,263,4
261,261
449,449,4
71,21
351,35,3
284
28,5,3
11
5,260,3
5
35,253,3
253
284,284,3
253
5,603,3
8
449,284,3
260
284,351,3
284
11,480,3
5
351,21,5
11,8,21
5,77,5
8,5,21
253,35,3
5
35,35,3
35
260,5,3
5
284,35,3
284
11,35,3
5
21,449,3
21
5,2151,3
35
21,8,3
5
297,35,5
5,8,5
480,11,3
5
351,5,4
284,5
253,253,3
651
11,11,3
5
260,5,3
5
603,640,3
640
