23,30,3
21
22,7,3
11
21,1,3
23
28,7,4
22,1
13,16,3
4
28,21,3
25
25,30,3
7
7,16,8
28,23,21,3,4,8
6,11,3
27
22,11,3
29
28,23,3
22
28,23,3
22
29,21,3
23
8,30,3
24
22,28,5
21,3,23
21,28,3
23
30,16,4
7,24
11,7,3
29
23,3,3
28
7,29,4
22,23
16,30,3
4
17,11,4
14,27
30,4,4
7,16
30,21,3
7
22,21,4
28,23
16,6,5
8,28,22
21,24,4
13,8
16,7,4
8,30
22,11,4
29,24
21,16,4
28,22
2,17,3
14
2,14,3
17
30,23,4
7,28
22,30,3
21
3,22,4
29,6
28,30,3
21
21,30,3
28
28,21,3
23
3,30,4
23,22
8,22,4
16,4
30,6,3
21
28,30,3
21
29,21,5
6,22,28
21,27,5
23,6,25
21,24,3
23
28,6,3
22
16,13,3
24
21,22,3
23
21,28,3
23
8,16,3
4
25,15,3
19
28,21,3
3
4,8,3
16
1,7,3
30
28,4,3
16
22,30,3
8
30,21,5
7,22,23
23,22,3
21
16,28,4
4,22
7,21,3
23
23,28,3
22
21,28,4
23,22
7,6,3
22
7,23,5
30,22,21
16,22,4
23,28
28,16,3
4
8,23,4
30,28
21,23,3
22
7,23,3
22
21,30,3
23
7,23,3
30
7,22,7
30,4,16,8,28
23,22,5
13,21,1
28,21,3
22
7,30,3
16
30,11,4
24,25
21,30,3
7
7,16,4
22,30
30,21,4
7,23
21,30,3
23
16,22,3
4
6,21,6
4,30,7,28
22,23,3
28
22,21,3
28
23,28,3
21
23,1,4
22,28
16,23,3
11
6,28,3
22
22,21,3
30
21,4,5
7,30,16
7,8,4
16,4
3,27,3
23
28,27,3
7
28,3,3
21
30,28,3
23
29,21,3
27
23,30,3
16
27,8,3
11
22,21,3
23
23,28,5
21,22,7
30,7,3
16
25,21,4
22,23
27,30,3
11
21,23,3
6
3,22,7
21,23,28,7,30
22,3,3
8
21,22,3
23
22,30,3
21
23,21,3
11
23,21,3
22
8,13,3
16
17,14,3
2
23,4,6
7,30,16,8
7,28,5
30,21,23
22,28,3
23
11,7,4
24,16
23,16,3
22
8,7,3
16
28,23,3
21
7,28,4
30,16
7,8,3
16
22,16,3
29
24,30,3
8
16,7,4
8,30
6,4,3
16
23,30,7
28,16,24,4,8
8,16,3
30
28,7,5
22,16,30
22,21,3
28
19,21,4
7,23
25,8,3
29
7,11,3
16
16,21,4
30,28
3,23,3
21
16,30,3
8
23,7,3
22
24,21,5
16,30,6
21,28,4
6,22
11,21,4
22,23
22,6,3
25
21,1,3
7
23,28,3
22
24,7,3
30
22,16,13
7,23,28,1,29,30,8,6,11,24,4
11,2,9
23,3,30,7,16,4,1
2,17,3
14
30,6,3
22
30,8,3
16
22,28,3
23
7,16,3
8
7,30,3
28
24,28,3
7
29,16,3
30
22,16,7
28,21,30,1,8
25,29,3
23
16,21,4
4,30
28,21,3
23
21,6,4
23,28
7,30,5
23,28,21
24,28,4
7,23
22,21,3
28
7,6,3
30
16,21,6
8,28,22,23
8,29,5
16,4,1
22,6,3
28
4,17,3
2
29,30,4
21,3
27,23,3
29
16,29,5
30,28,22
28,22,3
23
23,21,3
27
11,23,3
27
6,23,3
25
21,3,3
22
23,29,3
22
23,30,4
21,28
6,11,3
13
6,7,7
22,28,21,23,30
4,8,3
16
30,8,5
22,28,7
30,23,3
28
22,8,3
16
16,13,3
11
21,19,10
23,28,30,16,1,4,24,7
23,25,3
22
21,30,3
24
7,8,3
30
28,16,3
4
30,21,4
16,8
6,26,3
11
23,16,3
28
1,28,3
7
6,8,5
16,11,4
6,28,4
11,21
6,22,3
21
3,6,4
21,22
7,22,3
30
8,4,3
16
7,28,4
23,21
7,8,3
30
22,1,3
29
23,30,3
28
11,30,3
13
22,23,3
28
23,16,3
22
4,1,3
10
23,22,3
28
28,25,3
22
28,21,3
22
21,3,6
8,22,28,23
28,21,8
22,23,29,7,30,16
8,22,3
16
7,30,4
23,28
1,4,3
30
22,4,3
28
21,4,5
30,8,16
3,22,3
30
21,7,5
23,28,22
30,23,4
22,28
7,30,4
28,22
7,22,5
30,21,23
30,16,6
23,21,22,6
24,21,4
28,22
13,29,3
16
7,16,3
30
21,22,3
16
23,16,3
30
30,21,3
27
7,23,3
28
30,21,3
7
8,22,3
19
16,28,3
7
21,11,6
22,4,16,25
24,19,3
15
7,28,3
22
3,25,4
21,22
29,27,6
22,28,23,21
25,24,3
16
22,16,4
21,6
16,8,4
6,30
21,28,4
23,22
7,16,3
22
1,7,3
30
7,25,3
11
22,21,7
30,7,1,8,16
30,16,5
22,28,29
22,21,4
28,23
16,4,3
8
30,7,4
28,23
7,30,3
27
30,22,3
24
30,7,3
8
13,16,3
24
6,22,5
21,23,28
8,1,3
16
1,24,3
8
2,14,3
17
8,1,3
16
28,22,3
23
8,16,3
4
22,23,3
28
23,21,3
28
23,21,6
28,22,25,4
30,23,5
1,8,16
25,7,3
1
23,22,3
21
22,21,4
28,23
7,23,3
21
7,27,3
11
28,22,5
23,21,11
22,28,5
1,8,21
8,16,3
4
28,21,3
23
16,27,7
21,23,8,28,22
22,3,4
28,23
24,16,3
8
22,25,3
6
21,1,4
6,7
27,11,3
23
23,3,5
30,22,28
21,28,4
23,30
10,22,4
21,28
11,6,3
27
7,30,3
22
28,27,5
7,30,22
14,17,3
2
23,21,3
22
17,14,3
2
22,16,8
8,30,7,28,23,21
4,22,3
30
2,14,3
17
15,1,3
19
22,11,3
29
16,6,4
30,22
22,30,7
4,16,24,7,6
21,22,3
23
7,29,5
22,23,3
25,28,5
6,22,21
7,16,3
1
24,8,3
16
11,22,5
29,6,23
