31,23,8
0,44,81,70,35,9
65,32,3
84
27,32,10
42,38,22,41,37,9,23,8
50,33,5
71,31,49
45,50,9
0,44,25,31,81,82,71
71,40,3
2
2,47,3
48
82,15,4
71,50
81,68,8
44,45,29,43,49,67
23,18,3
9
27,9,7
25,45,81,50,35
44,71,3
0
72,24,3
48
40,50,3
70
71,45,3
81
71,51,9
50,82,15,8,32,13,70
15,8,3
14
50,63,3
68
47,73,7
53,44,81,71,50
84,17,6
9,35,70,15
45,50,7
15,82,71,35,70
31,38,3
29
19,32,3
23
19,32,3
35
9,81,3
22
32,80,4
38,85
41,8,4
45,82
69,4,4
48,3
72,71,3
39
9,46,3
41
40,51,4
39,68
71,20,5
8,23,31
84,50,4
4,70
81,45,3
44
67,22,5
74,76,49
41,2,3
9
18,4,3
25
71,70,3
50
70,71,3
50
45,0,3
44
36,22,3
41
71,81,8
50,15,17,13,35,31
69,2,4
82,3
42,25,20
32,9,35,8,17,13,15,82,50,71,81,44,45,14,85,1,53,27
28,50,3
32
35,26,3
84
9,18,3
32
71,45,4
82,81
9,35,3
71
71,45,6
36,82,21,9
35,41,4
50,82
84,15,3
44
71,15,5
81,44,45
53,40,3
36
82,41,3
84
31,50,4
9,37
17,82,5
9,39,40
82,2,8
32,35,50,23,9,40
32,27,7
9,2,63,68,81
61,21,11
15,82,50,71,81,44,45,25,40
15,85,3
14
81,15,7
82,45,44,0,25
23,70,5
32,35,50
71,81,5
22,3,14
17,36,3
71
32,23,3
9
63,56,3
55
26,71,4
45,82
57,82,4
52,81
82,17,3
32
35,40,3
39
35,41,7
82,71,68,57,79
17,40,6
13,50,70,2
85,15,3
82
23,26,3
50
33,32,4
49,13
22,16,6
18,8,32,84
48,67,3
2
32,35,5
31,23,18
81,45,3
50
85,27,3
14
22,40,3
9
32,36,9
40,51,71,81,22,41,4
45,15,6
56,23,70,8
25,14,7
51,71,81,0,31
16,4,13
19,85,71,50,35,70,23,9,22,84,41
84,81,7
41,22,9,49,67
82,42,15
81,44,45,71,68,57,79,6,78,39,35,9,32
47,85,3
15
24,36,10
4,84,9,22,32,18,23,15
0,22,3
31
84,22,3
36
41,40,3
9
71,82,3
50
19,0,5
32,8,13
50,2,3
71
68,21,4
27,73
31,44,3
75
2,25,7
35,70,9,81,82
32,51,6
21,48,40,2
31,32,4
75,81
9,71,3
50
9,85,4
82,25
51,43,18
72,69,48,3,24,41,35,70,50,71,81,25,45,44,0,31
9,32,3
35
2,35,7
40,75,34,49,71
68,85,8
71,82,45,14,25,27
23,74,3
82
44,0,5
45,71,82
85,80,3
15
71,41,3
48
41,84,3
45
15,71,3
35
82,13,3
17
27,8,4
71,50
44,71,3
31
19,4,11
2,40,35,8,17,14,42,38,84
82,50,4
9,70
45,9,9
82,84,1,71,50,70,13
42,70,3
35
7,50,4
35,70
5,15,9
25,45,63,2,57,71,50
2,71,3
40
25,68,5
27,50,44
14,84,4
70,32
44,82,3
50
23,9,3
32
35,41,5
71,50,17
81,44,6
82,67,63,0
50,49,6
70,39,40,48
39,49,4
45,0
39,21,9
2,40,51,36,37,4,41
3,48,3
71
70,13,3
81
23,61,8
9,35,82,50,71,15
81,72,6
44,45,25,46
70,13,3
50
71,75,3
76
41,21,4
84,32
82,25,4
66,58
48,27,4
19,14
44,35,4
80,71
50,35,6
82,81,67,63
40,9,4
71,35
26,45,4
81,44
22,49,3
26
35,41,4
9,22
14,15,10
17,13,35,81,71,44,31,50
41,9,3
22
23,3,5
82,71,22
45,35,5
25,82,71
25,71,4
27,81
71,45,3
82
9,82,3
25
1,40,5
70,39,2
9,68,5
32,15,50
44,81,3
31
27,82,3
71
39,78,3
35
71,82,3
50
40,14,5
39,2,35
50,82,3
71
1,0,10
47,27,81,44,45,82,13,17
31,35,4
37,81
82,15,9
71,8,18,23,9,13,17
4,35,5
84,50,14
50,81,12
69,48,27,29,63,56,68,71,31,44
7,82,4
84,22
23,13,4
9,8
14,82,5
50,71,81
46,71,5
78,35,50
32,11,3
42
14,9,3
15
35,81,3
31
84,50,3
82
31,40,3
0
8,70,5
35,82,50
42,50,4
71,13
45,82,11
50,35,2,22,9,71,72,68,34
81,26,3
29
82,25,5
81,13,44
81,35,4
43,72
27,36,4
35,69
50,71,4
17,13
17,71,3
14
81,40,13
0,31,82,50,71,70,35,32,4,41,21
32,70,4
50,71
27,25,3
46
48,32,3
51
41,26,4
84,22
9,44,10
13,17,41,36,35,71,68,0
71,8,6
9,32,23,18
32,28,3
9
24,82,5
23,21,48
32,9,3
42
81,9,3
71
37,82,6
50,71,13,70
41,50,7
32,19,73,51,35
73,19,3
38
71,81,4
44,75
53,45,8
14,82,9,84,69,49
41,45,3
81
18,14,4
71,8
31,32,4
71,50
71,52,3
68
85,44,3
46
19,68,3
55
22,41,4
9,23
32,4,8
47,14,9,18,84,36
14,2,7
13,71,9,39,40
16,18,3
82
39,41,3
78
71,74,3
81
71,81,4
43,49
71,45,4
40,35
9,71,4
82,32
13,16,4
35,21
84,25,3
9
50,44,3
81
22,49,3
21
82,70,3
71
81,50,4
68,71
32,11,4
71,42
84,50,3
15
71,81,3
68
39,41,4
50,2
14,40,3
35
32,70,3
39
32,71,3
41
35,9,3
50
71,25,5
81,82,45
34,25,4
31,44
26,71,4
15,41
71,50,5
45,81,68
44,81,5
50,68,71
11,9,5
70,35,40
37,52,6
82,71,68,62
39,9,5
69,24,85
81,25,4
44,0
9,71,3
35
81,62,3
44
9,81,3
71
50,22,8
13,8,0,44,84,41
71,25,4
32,45
40,51,3
39
26,81,3
82
29,44,3
31
57,82,3
68
49,68,3
81
37,10,3
24
71,81,3
67
71,35,5
82,50,70
35,8,3
40
5,35,5
29,31,85
73,32,4
38,9
84,22,4
41,32
68,44,4
82,45
23,35,4
17,50
21,62,9
32,41,25,85,80,18,71
9,39,8
35,70,50,71,81,82
0,71,3
31
27,13,4
82,35
41,67,3
68
71,9,7
35,18,81,44,17
40,2,4
11,48
31,49,5
50,70,71
71,42,7
50,82,17,15,13
85,84,4
32,23
4,32,3
41
13,39,3
81
84,71,5
68,25,82
9,13,3
8
71,19,6
69,48,84,41
14,26,3
3
9,50,3
70
32,70,8
2,5,9,8,35,39
71,50,3
45
51,73,3
42
82,45,3
44
2,49,7
70,50,15,13,32
50,41,6
82,71,81,84
16,32,4
84,35
18,13,6
50,71,23,1
71,17,3
81
71,16,11
50,15,35,23,9,68,22,41,19
31,71,3
82
4,18,3
25
82,72,7
71,50,21,32,45
85,25,5
53,1,46
50,41,4
62,76
1,85,3
53
48,53,3
1
31,16,3
25
44,81,5
82,22,15
50,75,3
81
75,82,6
43,49,31,81
11,23,6
35,9,50,44
78,81,4
71,15
37,22,3
36
31,36,5
85,27,25
32,68,3
14
17,13,3
15
21,76,4
45,49
32,57,3
17
49,23,4
17,18
82,71,3
35
5,27,15
45,50,82,14,8,23,9,32,71,81,44,25,70
18,32,4
13,17
71,82,4
17,70
71,45,6
82,50,81,44
19,74,12
21,16,84,41,35,70,71,81,44,0
81,2,5
82,50,17
70,4,3
0
82,71,3
50
16,41,3
84
85,25,6
59,82,8,66
40,35,6
51,48,85,15
40,36,3
37
85,35,3
81
78,72,3
39
84,2,3
22
81,78,3
0
9,41,3
22
40,57,4
71,68
40,84,3
82
72,57,3
6
81,49,4
44,75
35,71,3
9
31,9,4
23,32
23,31,5
8,84,22
76,68,4
81,71
21,22,4
15,82
18,32,3
35
46,35,3
70
45,71,3
82
71,82,3
25
32,24,4
41,36
35,14,4
70,18
41,82,8
84,9,35,70,50,71
31,11,3
3
50,82,3
81
75,36,8
67,81,71,50,82,9
56,55,3
63
38,35,3
19
82,71,3
50
31,50,3
81
46,82,4
71,32
45,25,11
13,50,35,8,18,9,70,71,31
81,68,3
67
17,11,3
13
71,26,3
35
21,73,8
84,41,71,81,44,45
71,50,5
81,45,32
60,10,4
55,69
17,85,3
8
35,0,6
45,71,68,50
